>MBNL1/M037_0.6
11.13470160375271
0.335930630086494 -4.857776112355876 -4.857776112355876 -4.857776112355876 -4.857776112355876 -1.1131858770962237 -2.14851174187383
-0.394092421417839 -1.0782530433199318 1.7896970030779578 -4.857776112355876 -4.857776112355876 -2.9235821029851916 1.583880878144827
-0.23781867172880936 1.7896970030779578 -4.857776112355876 -4.857776112355876 -4.857776112355876 1.7111110432005103 -0.8594621196860802
0.17480801608749208 -4.857776112355876 -1.0782530433199318 1.962192523082482 1.962192523082482 -2.9235821029851916 -2.14851174187383
>MBNL1/M320_0.6
6.885336717125234
-7.965784284662087 -7.965784284662087 -7.965784284662087 -7.965784284662087
0.7487748957658549 -5.774787074028124 1.9933972652419318 -0.3485223046306671
-7.965784284662087 1.9933972652419318 -5.774787074028124 -7.965784284662087
1.2138976276708238 -7.965784284662087 -7.965784284662087 1.6846445589705468
>ZC3H10/M083_0.6
10.974829435197723
-1.3333193408574018 -0.881854258003922 1.7159500723989591 -5.411466316733755 -5.411466316733755 -3.026974352337623 -0.20500299859970333
0.1294597304935647 1.1959438285317376 -1.0743391776603612 -5.411466316733755 1.974350611338227 -3.026974352337623 1.1746030565434753
1.0788883736383228 -0.07137911232521975 -3.0589998272229066 1.974350611338227 -5.411466316733755 1.8607428814087743 -1.1923887857369266
-1.3333193408574018 -2.2199008430121645 -3.0589998272229066 -5.411466316733755 -5.411466316733755 -3.026974352337623 -1.1923887857369266
>ZFP36/M269_0.6
18.61917821605907
2.0 2.0 0.6780719051126378 2.0 2.0 1.2630344058337937 -7.965784284662087 2.0 2.0 2.0 -7.965784284662087
-7.965784284662087 -7.965784284662087 -0.3219280948873623 -7.965784284662087 -7.965784284662087 -7.965784284662087 -0.3219280948873623 -7.965784284662087 -7.965784284662087 -7.965784284662087 -7.965784284662087
-7.965784284662087 -7.965784284662087 -7.965784284662087 -7.965784284662087 -7.965784284662087 0.6780719051126378 0.6780719051126378 -7.965784284662087 -7.965784284662087 -7.965784284662087 2.0
-7.965784284662087 -7.965784284662087 0.6780719051126378 -7.965784284662087 -7.965784284662087 -7.965784284662087 0.6780719051126378 -7.965784284662087 -7.965784284662087 -7.965784284662087 -7.965784284662087
>ZFP36/M350_0.6
15.598416036774557
-0.4150374992788438 -2.0 1.9068905956085187 -7.965784284662087 -7.965784284662087 -7.965784284662087 1.8073549220576042 0.5849625007211562 -2.0
-2.0 -7.965784284662087 -7.965784284662087 -7.965784284662087 -7.965784284662087 -7.965784284662087 -2.0 -7.965784284662087 -1.0
-7.965784284662087 -2.0 -2.0 -7.965784284662087 -7.965784284662087 -7.965784284662087 -2.0 -7.965784284662087 0.0
1.5849625007211563 1.8073549220576042 -7.965784284662087 2.0 2.0 2.0 -7.965784284662087 1.3219280948873624 1.1699250014423124
>LIN28A/M035_0.6
11.022559055381745
0.2821703692266662 -2.670567173564754 -2.670567173564754 1.8191798061984106 -4.010094208878722 1.4760264167916857 1.5258729364894252
0.6318883178429286 -2.670567173564754 -2.670567173564754 -2.670567173564754 -4.010094208878722 -2.670567173564754 -1.998773722696407
-1.192863302483207 1.8191798061984106 1.8191798061984106 -2.670567173564754 1.9312319656624748 -2.670567173564754 -0.689739360112367
-0.32743640490736275 -2.670567173564754 -2.670567173564754 -2.670567173564754 -4.010094208878722 -0.14551712265371664 -1.998773722696407
>LIN28A/M153_0.6
10.63788794102001
-1.1570126749351382 -2.016494513908591 -1.395563872474974 1.7991803685104264 -4.05278576269858 -4.05278576269858 0.8300496483797327
1.2037639212951174 -0.7741287741157667 -1.3245763834953934 -1.3245763834953934 -1.3245763834953934 -1.3245763834953934 -0.7904182430330227
-1.1570126749351382 1.5464338852795796 1.6600993805342994 -4.05278576269858 1.7991803685104264 1.7991803685104264 0.4851114401734306
-0.32243060815528585 -2.016494513908591 -4.05278576269858 -4.05278576269858 -4.05278576269858 -4.05278576269858 -2.0327839754396786
>SRSF7/M071_0.6
12.80871675904464
-0.29865078113819227 1.6243134514832742 -4.873512731969446 -4.873512731969446 1.9626080384001543 -4.873512731969446 -0.7113565394269512 0.44520357754396417
-0.9827156917761067 -1.7098967949137867 1.9626080384001543 -4.873512731969446 -4.873512731969446 1.9626080384001543 -2.128736548224919 -0.9198095098741733
1.120972290599518 -1.7098967949137867 -4.873512731969446 1.9626080384001543 -4.873512731969446 -4.873512731969446 1.5518547790022839 0.6611440843589459
-0.9827156917761067 -1.7098967949137867 -4.873512731969446 -4.873512731969446 -4.873512731969446 -4.873512731969446 -2.128736548224919 -0.9198095098741733
>SRSF7/M331_0.6
16.408372856846775
1.661198085784462 -1.8413022510955517 1.8956633399688605 -7.965784284662087 -0.8413022510955517 1.9312872497752351 -7.965784284662087 -1.1043366569293456 1.52793155656901 -1.8413022510955517
-0.8413022510955517 -3.426264751816708 -1.8413022510955517 1.9660526680079629 -3.426264751816708 -3.426264751816708 1.821662758361831 -7.965784284662087 -1.1043366569293456 -0.25633975037439544
-3.426264751816708 1.7436602461791666 -7.965784284662087 -7.965784284662087 0.6611980857844617 -7.965784284662087 -2.4262647518167078 1.821662758361831 -7.965784284662087 -0.8413022510955517
-2.4262647518167078 -1.8413022510955517 -7.965784284662087 -3.426264751816708 0.821662758361831 -3.426264751816708 -1.8413022510955517 -7.965784284662087 -0.6189098297591037 1.2175914354765816
>SRSF7/M353_0.6
14.799389163127463
1.5260688116675876 -1.6438561897747248 -7.965784284662087 2.0 -2.643856189774725 1.6780719051126378 -7.965784284662087 1.7484612330040357 -0.058893689053568565
-0.6438561897747247 1.8155754288625725 -7.965784284662087 -7.965784284662087 -7.965784284662087 -7.965784284662087 -2.643856189774725 -1.0588936890535685 0.8155754288625726
-7.965784284662087 -7.965784284662087 1.9411063109464317 -7.965784284662087 1.5260688116675876 -7.965784284662087 1.7484612330040357 -7.965784284662087 -7.965784284662087
-1.0588936890535685 -2.643856189774725 -2.643856189774725 -7.965784284662087 -0.058893689053568565 -0.3219280948873623 -1.0588936890535685 -2.643856189774725 0.35614381022527536
>ZCRB1/M085_0.6
12.246156125971215
-1.0159395789838337 1.3476059654720314 0.9796045468214476 -4.959340113371264 -4.959340113371264 1.9647942264939824 1.9647942264939824 -0.8900275868127242
-1.0159395789838337 -2.965974868247872 0.27305325557540006 -4.959340113371264 -4.959340113371264 -4.959340113371264 -4.959340113371264 -0.8900275868127242
1.3314079849721765 -0.2249243353975351 -4.959340113371264 -4.959340113371264 -4.959340113371264 -4.959340113371264 -4.959340113371264 0.7283607227296287
-1.0159395789838337 -1.0847245201577826 -0.3445208900798225 1.9647942264939824 1.9647942264939824 -4.959340113371264 -4.959340113371264 0.33803854759388396
>YB-1/M081_0.6
12.238346643879916
1.9706513198388529 1.7310306676349976 -5.218938829957767 1.9706513198388529 -1.6940539580675165 -5.218938829957767 0.97806780270294
-5.218938829957767 -0.6742652804385572 1.9706513198388529 -5.218938829957767 -0.9076551632468919 1.9706513198388529 -0.6991860748026816
-5.218938829957767 -5.218938829957767 -5.218938829957767 -5.218938829957767 -5.218938829957767 -5.218938829957767 -0.5427540687322308
-5.218938829957767 -5.218938829957767 -5.218938829957767 -5.218938829957767 1.6466428941865683 -5.218938829957767 -0.4583945119838243
>YB-1/M111_0.6
12.140812396881485
1.8581379661356277 1.5915196241063199 -5.034318309976508 1.9665979682094301 -5.034318309976508 -5.034318309976508 1.1270596214503832
-3.001518282987252 -0.11200226395701653 1.9665979682094301 -5.034318309976508 -0.37825411940020115 1.9665979682094301 -2.1035139978947854
-3.001518282987252 -5.034318309976508 -5.034318309976508 -5.034318309976508 -5.034318309976508 -5.034318309976508 -0.11687367886830256
-3.001518282987252 -5.034318309976508 -5.034318309976508 -5.034318309976508 1.6643012805608646 -5.034318309976508 -0.5972909275119822
>YBX2/M082_0.6
10.756177977647805
1.817365887228467 1.817365887228467 -4.692932008248916 1.9575481647487007 0.9929644499839285 -4.692932008248916 0.3960195364810737
-4.692932008248916 -4.692932008248916 1.817365887228467 -4.692932008248916 -4.692932008248916 1.9575481647487007 -1.2447067570553798
-1.3280568082892859 -1.3280568082892859 -1.3280568082892859 -4.692932008248916 -1.3280568082892859 -4.692932008248916 0.11923460435709218
-4.692932008248916 -4.692932008248916 -4.692932008248916 -4.692932008248916 0.6533013091163445 -4.692932008248916 0.23385800862173112
>ANKHD1/M002_0.6
11.739749703432441
1.6289185973100264 -5.859901079769954 1.9812479255816666 -5.859901079769954 -5.859901079769954 -0.1277795340729947 0.7748537701747266
-1.7254871876220583 -5.859901079769954 -5.859901079769954 1.9812479255816666 -5.859901079769954 -1.2921049513429164 -1.6563658489702828
-1.7254871876220583 1.9812479255816666 -5.859901079769954 -5.859901079769954 1.9812479255816666 -5.859901079769954 -1.3258276414516676
-1.7254871876220583 -5.859901079769954 -5.859901079769954 -5.859901079769954 -5.859901079769954 1.4109856336210225 0.6533589290632726
>FMR1/M016_0.6
11.222562247627172
-1.1730414845984682 -3.7694027579735763 1.9183871519695692 -3.7694027579735763 1.615811172510027 0.9991353675356369 -0.9024859184189234
-1.1730414845984682 -3.7694027579735763 -3.7694027579735763 1.9183871519695692 -3.7694027579735763 -2.592393804969498 -2.592393804969498
1.2047183478934622 1.9183871519695692 -3.7694027579735763 -3.7694027579735763 -0.34282432191038187 0.7394830702274013 1.647735903779338
-0.3073826001070381 -3.7694027579735763 -3.7694027579735763 -3.7694027579735763 -3.7694027579735763 -2.592393804969498 -2.592393804969498
>FXR1/M152_0.6
12.328857762979137
1.2500320888579708 1.82125076982607 -4.001911347628828 -4.001911347628828 1.7857601828000274 -1.2271363262111505 1.2312068093421782 1.2829360233594944
-0.887604222945315 -2.6861719208435413 0.5958956421993632 -4.001911347628828 -4.001911347628828 1.7857601828000274 -4.001911347628828 -0.9372674222681034
-0.887604222945315 -2.6861719208435413 -4.001911347628828 1.9308312669128638 -1.2271363262111505 -4.001911347628828 0.6112031849141126 -0.9372674222681034
-0.887604222945315 -2.6861719208435413 1.241080439080505 -4.001911347628828 -4.001911347628828 -4.001911347628828 -4.001911347628828 -0.9372674222681034
>FXR2/M020_0.6
10.538212255606055
-0.4884833663513275 -3.74010909021683 1.91666378901843 -3.74010909021683 0.6416559027773471 0.9035152681260117 -0.08212115214171602
-1.5182907630722535 -3.74010909021683 -3.74010909021683 1.91666378901843 -3.74010909021683 -3.74010909021683 -2.5801026268606755
1.1633844946515457 1.91666378901843 -3.74010909021683 -3.74010909021683 1.1954784253004669 0.9852877264021916 1.4440702421965617
-0.5180727011315209 -3.74010909021683 -3.74010909021683 -3.74010909021683 -3.74010909021683 -3.74010909021683 -2.5801026268606755
>hnRNPK/M026_0.6
10.66744012104133
-1.1869902579720137 -1.2074916223333871 1.775736023166884 1.247300031241857 0.323131765162746 -1.9595951178701518 -1.5055352993786226
1.775736023166884 1.6132644580277984 -3.8713873987587215 -3.8713873987587215 1.006966650287876 1.690952578182353 1.5574843569676768
-3.8713873987587215 -3.8713873987587215 -3.8713873987587215 -1.2773848802636405 -2.608465382092921 -1.9595951178701518 -1.5055352993786226
-3.8713873987587215 -1.1869902579720137 -1.1869902579720137 0.1955523179728341 -0.7976087195605649 -1.9595951178701518 -1.5055352993786226
>KHDRBS1/M160_0.6
11.79779803115761
1.6756618404038783 -4.680951709857738 1.822473496280112 1.957188870868246 1.813032596710655 1.8470971970825543 0.1954937352981824
-2.8802214079170683 -4.680951709857738 -4.680951709857738 -4.680951709857738 -4.680951709857738 -2.898818331285701 -0.3520137714529201
-2.8802214079170683 -4.680951709857738 -4.680951709857738 -4.680951709857738 -4.680951709857738 -2.898818331285701 0.7251551589439181
-0.9059011920545833 1.957188870868246 -1.3764700022947431 -4.680951709857738 -1.2925475276583502 -2.898818331285701 -1.2573352872614383
>KHDRBS2/M176_0.6
10.991099156849973
0.5152324734457004 1.7967131035781494 -4.426010427099573 1.649021909494667 1.9487654742721772 1.8073039734131189 1.0478986755291357
-1.60112329742007 -1.20861916322304 -1.291114074494969 -4.426010427099573 -4.426010427099573 -4.426010427099573 0.35076099967677177
0.9347317095918968 -4.426010427099573 -4.426010427099573 -4.426010427099573 -4.426010427099573 -4.426010427099573 -2.7878002575458805
-1.60112329742007 -4.426010427099573 1.8066643109708294 -0.3756634708531439 -4.426010427099573 -1.2966018593942779 -0.9645338523193558
>KHDRBS3/M033_0.6
12.30470771422277
-0.23648151962677474 1.9557081548524302 -4.632633228891938 1.9557081548524302 1.9557081548524302 1.9557081548524302 -0.2431873921007665 -0.0971078398609693
-0.9513981472661884 -4.632633228891938 -4.632633228891938 -4.632633228891938 -4.632633228891938 -4.632633228891938 1.0843744952486634 0.33183125106848477
1.0819701546474572 -4.632633228891938 -4.632633228891938 -4.632633228891938 -4.632633228891938 -4.632633228891938 -0.15841820108290067 0.35982229006449723
-0.9513981472661884 -4.632633228891938 1.9557081548524302 -4.632633228891938 -4.632633228891938 -4.632633228891938 -2.8503713102180175 -0.9345188767834428
>NOVA2/M323_0.6
21.070719119627636
-0.5849624978357663 -0.5849624978357663 1.2223924205120509 -7.965784284662087 2.0 -7.965784284662087 -1.5849625064919364 -7.965784284662087 2.0 -7.965784284662087 0.4150374978361488 -1.5849625064919364 -7.965784284662087
-7.965784284662087 0.0 -7.965784284662087 -7.965784284662087 -7.965784284662087 -7.965784284662087 -7.965784284662087 2.0 -7.965784284662087 -7.965784284662087 0.4150374978361488 1.0 1.7369655935891284
1.7369655935891284 1.2223924205120509 0.7369655953203622 2.0 -7.965784284662087 2.0 -1.5849625064919364 -7.965784284662087 -7.965784284662087 -7.965784284662087 -7.965784284662087 0.7369655953203622 -7.965784284662087
-7.965784284662087 -7.965784284662087 -7.965784284662087 -7.965784284662087 -7.965784284662087 -7.965784284662087 1.7369655935891284 -7.965784284662087 -7.965784284662087 2.0 0.4150374978361488 -7.965784284662087 -0.5849624978357663
>NOVA2/M325_0.6
21.687764553319667
0.7776075801062471 -7.965784284662087 0.19264507938509087 -7.965784284662087 -0.8073549206149091 0.7776075801062471 0.19264507938509087 -0.8073549206149091 0.19264507938509087 -7.965784284662087 -7.965784284662087 2.0 -7.965784284662087 0.19264507938509087 -7.965784284662087 -7.965784284662087
-7.965784284662087 0.7776075801062471 0.19264507938509087 -7.965784284662087 0.19264507938509087 0.19264507938509087 0.19264507938509087 1.1926450768603747 -7.965784284662087 -7.965784284662087 2.0 -7.965784284662087 1.51457317225268 1.1926450768603747 2.0 2.0
0.19264507938509087 1.1926450768603747 0.7776075801062471 -0.8073549206149091 0.19264507938509087 -0.8073549206149091 0.7776075801062471 -0.8073549206149091 -7.965784284662087 -7.965784284662087 -7.965784284662087 -7.965784284662087 -7.965784284662087 -0.8073549206149091 -7.965784284662087 -7.965784284662087
0.19264507938509087 -7.965784284662087 -7.965784284662087 1.777607578423103 0.19264507938509087 -0.8073549206149091 -7.965784284662087 -0.8073549206149091 1.51457317225268 2.0 -7.965784284662087 -7.965784284662087 0.19264507938509087 -7.965784284662087 -7.965784284662087 -7.965784284662087
>PCBP1/M177_0.6
10.567066720193901
-2.0403276398327037 -1.2933125791773108 0.2192322668870353 0.5801275427825869 0.6221758227441864 -4.091272542294869 -4.091272542294869
1.7095881514106588 1.7968676979811158 -1.1843645038125725 -4.091272542294869 -0.3840818903524477 1.9350805584753328 1.9350805584753328
-2.0403276398327037 -4.091272542294869 -4.091272542294869 -4.091272542294869 -4.091272542294869 -4.091272542294869 -4.091272542294869
-2.0403276398327037 -4.091272542294869 1.2247807894631575 1.255610578032985 0.7100583863553173 -4.091272542294869 -4.091272542294869
>PCBP2/M043_0.6
10.53904198099538
-2.4322360736122604 -3.3721633947985885 -3.3721633947985885 -1.2429885409567447 -1.2103810844852287 -3.3721633947985885 -0.6623042601693473
1.6402360833845198 1.6109136615563429 0.31653449680387574 0.31653449680387574 1.5556658027012635 1.89152274607883 1.3230542892368808
-2.4322360736122604 -3.3721633947985885 -3.3721633947985885 -3.3721633947985885 -3.3721633947985885 -3.3721633947985885 -1.8770308512172815
-0.9650082558549797 -0.4104435857679957 1.356993773798901 1.1606556242386434 -0.9116575309923447 -3.3721633947985885 -0.7516207015713114
>QKI/M046_0.6
11.894218487229763
1.721328884885733 -4.089435314413169 -4.089435314413169 1.934995939399838 1.934995939399838 -4.089435314413169 0.7177291511878587
-2.094186920486664 1.934995939399838 -4.089435314413169 -4.089435314413169 -4.089435314413169 1.7151766935568187 0.286749038175346
-2.094186920486664 -4.089435314413169 -4.089435314413169 -4.089435314413169 -4.089435314413169 -4.089435314413169 -0.5307746355313601
-2.094186920486664 -4.089435314413169 1.934995939399838 -4.089435314413169 -4.089435314413169 -0.7390225925647033 -1.173523008294725
>QKI/M262_0.6
13.469929256639997
-1.8328900058692452 2.0 -7.965784284662087 -7.965784284662087 2.0 2.0 -7.965784284662087
-2.8328900264276493 -7.965784284662087 2.0 -7.965784284662087 -7.965784284662087 -7.965784284662087 1.8109661748597816
-1.2479275120008906 -7.965784284662087 -7.965784284662087 -7.965784284662087 -7.965784284662087 -7.965784284662087 -7.965784284662087
1.6589630817802143 -7.965784284662087 -7.965784284662087 2.0 -7.965784284662087 -7.965784284662087 -1.025535086748556
>IGF2BP1/M296_0.6
20.36632221515078
1.8744691184407574 1.8744691184407574 -7.965784284662087 -7.965784284662087 2.0 -7.965784284662087 -7.965784284662087 -7.965784284662087 -7.965784284662087 -7.965784284662087 -7.965784284662087
-7.965784284662087 -7.965784284662087 -7.965784284662087 2.0 -7.965784284662087 1.5849625007211563 1.5849625007211563 2.0 0.0 -1.4594316171946025 -7.965784284662087
-1.5849625064919364 -7.965784284662087 2.0 -7.965784284662087 -7.965784284662087 -7.965784284662087 0.0 -7.965784284662087 1.5849625007211563 -7.965784284662087 -7.965784284662087
-7.965784284662087 -1.5849625064919364 -7.965784284662087 -7.965784284662087 -7.965784284662087 0.0 -7.965784284662087 -7.965784284662087 -7.965784284662087 1.8624964761057956 2.0
>IGF2BP2/M032_0.6
10.143726891551616
1.1751598518980122 0.6772884172007249 1.9275666716895026 1.0201321327513941 1.2556419925138822 -1.1936092060503212 1.9275666716895026
-0.5013519858740643 1.0585207016353262 -3.936996711534324 -0.3276438112840102 -1.1936092060503212 1.7791388693739962 -3.936996711534324
-0.5396921772046392 -2.6525661186612046 -3.936996711534324 -3.936996711534324 -3.936996711534324 -3.936996711534324 -3.936996711534324
-1.5250857927803654 -2.6525661186612046 -3.936996711534324 0.15025886799632637 0.15025886799632637 -3.936996711534324 -3.936996711534324
>IGF2BP3/M163_0.6
9.373763306803136
1.5127654056297943 0.6646449592307061 1.6504243609240337 0.6322814100487881 1.2041203686254223 -0.32647683345353595 1.7880780389270725
-0.6338603716416217 0.9641888252444982 -1.3332080604749619 0.2534329525620861 -1.1907109410844947 1.6219048974035268 -1.2455464573708985
-1.994282897107678 -4.003387220046731 -4.003387220046731 -4.003387220046731 -4.003387220046731 -4.003387220046731 -4.003387220046731
-1.994282897107678 -1.3165201588692068 -1.3165201588692068 0.2577253466289905 0.2577253466289905 -4.003387220046731 -4.003387220046731
>FUS/M316_0.6
8.0
-7.965784284662087 -7.965784284662087 -7.965784284662087 -7.965784284662087
-7.965784284662087 -7.965784284662087 -7.965784284662087 -7.965784284662087
2.0 2.0 -7.965784284662087 2.0
-7.965784284662087 -7.965784284662087 2.0 -7.965784284662087
>RBM5/M053_0.6
11.370131630164192
-0.9400234173750467 1.8217237187603057 1.488390436168977 -4.008235976535852 -4.008235976535852 1.3251031880115027 1.2086963875847694
-2.6897626029317623 -2.6897626029317623 -2.6897626029317623 -4.008235976535852 -4.008235976535852 -1.9821046064876884 -1.1800448035070006
1.663935528248905 -2.6897626029317623 -0.177450391299365 1.9311411856948661 1.9311411856948661 -1.9821046064876884 -0.3110811992223188
-2.6897626029317623 -2.6897626029317623 -2.6897626029317623 -4.008235976535852 -4.008235976535852 -0.01705020543484103 -1.1800448035070006
>RBM5/M145_0.6
10.917165257161066
-1.9782921884524323 1.8132226611848796 1.4181867024855819 -3.849237455774115 -3.849237455774115 1.486014535602454 -0.7203051458453589
0.11130602345812168 -2.6267188580905776 -1.2251280914505007 -0.3459230400118677 -1.2228697880667534 -2.62744134914841 -1.9833247998614882
1.2703579401433949 -2.6267188580905776 -1.0729758847901383 1.6203171066408453 1.7793861524994987 -0.1923195569309276 1.5296801586044113
-1.9782921884524323 -2.6267188580905776 -1.2364729397584138 -3.849237455774115 -3.849237455774115 -2.62744134914841 -1.9833247998614882
>A1CF/M001_0.6
11.428639406790378
0.6611249436198752 -5.020070218477534 1.966262557070507 1.966262557070507 -5.020070218477534 -5.020070218477534 0.36123446123091246
-1.2444951786793443 -5.020070218477534 -5.020070218477534 -5.020070218477534 -5.020070218477534 -5.020070218477534 -0.7978273188482383
-1.2444951786793443 -5.020070218477534 -5.020070218477534 -5.020070218477534 -5.020070218477534 -5.020070218477534 0.9362016778179664
0.6549612972939807 1.966262557070507 -5.020070218477534 -5.020070218477534 1.966262557070507 1.966262557070507 -2.1406545813810682
>A2BP1/M159_0.6
12.078619413609609
0.3200643607411435 -5.889072650893043 -5.889072650893043 1.9816256947605686 -5.889072650893043 -5.889072650893043 0.32740139942725904
-2.272364264189848 -5.889072650893043 1.9816256947605686 -5.889072650893043 -5.889072650893043 -5.889072650893043 0.9454425073888681
-2.272364264189848 1.9816256947605686 -5.889072650893043 -5.889072650893043 -5.889072650893043 1.9816256947605686 -1.287238270087759
1.2250484324178978 -5.889072650893043 -5.889072650893043 -5.889072650893043 1.9816256947605686 -5.889072650893043 -1.287238270087759
>A2BP1/M298_0.6
11.937264245389414
-2.5545888682686306 -7.965784284662087 -7.965784284662087 2.0 -7.965784284662087 -7.965784284662087
-7.965784284662087 -7.965784284662087 2.0 -7.965784284662087 -7.965784284662087 -7.965784284662087
-7.965784284662087 2.0 -7.965784284662087 -7.965784284662087 -7.965784284662087 2.0
1.9372642453894149 -7.965784284662087 -7.965784284662087 -7.965784284662087 2.0 -7.965784284662087
>BRUNOL4/M004_0.6
10.977862193756803
-1.5553168208567196 -4.260193585742443 -4.260193585742443 -4.260193585742443 -4.260193585742443 -4.260193585742443 -1.5889932511792757
-1.5553168208567196 -4.260193585742443 -4.260193585742443 -4.260193585742443 -4.260193585742443 -4.260193585742443 -1.5889932511792757
-0.5067489861586488 1.635200522208096 -4.260193585742443 1.6127321934857468 -1.2565822069916222 1.4153238999158317 0.0816006416434194
1.3871892217203223 -0.3413163202828367 1.942398909448116 -0.2561434408284912 1.7978819516748032 0.2968179100982175 1.1871354953038873
>BRUNOL5/M157_0.6
11.75015324967725
-1.5740885053828393 -4.6262157238158625 -4.6262157238158625 -4.6262157238158625 -4.6262157238158625 -4.6262157238158625 -2.128671916174412
-1.5740885053828393 -4.6262157238158625 -4.6262157238158625 -4.6262157238158625 -4.6262157238158625 -4.6262157238158625 -2.128671916174412
-1.5740885053828393 1.8159393913016515 -4.6262157238158625 1.62781383180911 -1.379168471384458 1.5544517805425837 -0.12759250194976238
1.5813195456157627 -1.3286969304661047 1.9555076233162991 -0.2713002607355573 1.8215369604242762 -0.026506428218671774 1.3935841166675667
>BRUNOL6/M178_0.6
10.593711148224125
-2.0510634936137664 -4.260771266044954 -4.260771266044954 -4.260771266044954 -0.3036964646077494 -4.260771266044954 -2.052345607714745
-2.0510634936137664 -4.260771266044954 -4.260771266044954 -4.260771266044954 -4.260771266044954 -4.260771266044954 -2.052345607714745
-2.0510634936137664 1.9424224326533563 -4.260771266044954 1.7797092365602687 0.6803370543050549 0.935850225150213 1.5494171642262515
1.7119712865080097 -4.260771266044954 1.9424224326533563 -1.1137226057617517 0.6183766965791926 0.9874315413178266 -0.7591904334325779
>CNOT4/M147_0.6
11.408433544551748
-3.1114857631843775 1.9775526815766016 -5.602251247258646 1.9775526815766016 -5.602251247258646 1.9775526815766016 0.2678747469395094
-0.5659041540000603 -5.602251247258646 1.8710715669923204 -5.602251247258646 -0.4409080207004647 -5.602251247258646 -0.4412300721999049
1.6290345899970538 -5.602251247258646 -1.7331818123940064 -5.602251247258646 1.6880276222610835 -5.602251247258646 -0.25357125845527523
-3.1114857631843775 -5.602251247258646 -5.602251247258646 -5.602251247258646 -5.602251247258646 -5.602251247258646 0.28764172057148524
>CPEB2/M012_0.6
11.727928677589768
-2.92669231398844 0.14989380885495582 -1.2616984518779517 -4.804624258689018 -4.804624258689018 -4.804624258689018 -2.934134618789717
1.671005174309369 -0.1967676260166745 -1.3782714760672796 -4.804624258689018 -4.804624258689018 -4.804624258689018 -2.934134618789717
-2.92669231398844 -4.804624258689018 -4.804624258689018 -4.804624258689018 -4.804624258689018 -4.804624258689018 -0.22178889320956405
-0.8556803980674876 0.9871222035145553 1.6610590749110312 1.960754176679791 1.960754176679791 1.960754176679791 1.5264796948154415
>CPEB4/M149_0.6
12.159129523928945
-0.558155267218025 -1.366916718962213 -5.247216613091727 -5.247216613091727 -5.247216613091727 -5.247216613091727 -3.0333630988369276
0.8558912431642427 -1.4424096245326303 -5.247216613091727 -5.247216613091727 -5.247216613091727 -5.247216613091727 -3.0333630988369276
-0.6037575210757258 -5.247216613091727 -5.247216613091727 -5.247216613091727 -5.247216613091727 -1.4648910146145073 -3.0333630988369276
-0.22952508065960062 1.6861643386143303 1.9712266914622787 1.9712266914622787 1.9712266914622787 1.8420051419750032 1.861388725788532
>DAZAP1/M013_0.6
11.16223987322556
-4.378241548323148 1.9470085972959117 -1.2984071975692904 -1.0888495204514541 -0.3078558335872412 1.4579531533968586 0.4319666882551179
-4.378241548323148 -4.378241548323148 -4.378241548323148 -4.378241548323148 -4.378241548323148 -4.378241548323148 -2.0792779114568427
-4.378241548323148 -4.378241548323148 1.8062222933733474 1.4233133792020694 -1.3331914411310157 -1.3523890547932211 1.1227806992646048
1.9470085972959117 -4.378241548323148 -4.378241548323148 -0.3223425252762041 1.4579531533968586 -0.2985168902542874 -2.0792779114568427
>EIF4B/M290_0.6
10.966934428135998
-1.700439716698397 -7.965784284662087 -0.115477215977241 -7.965784284662087 -7.965784284662087 1.8845227824598394 1.4694852826600222
-0.700439716698397 -0.115477215977241 0.299560283301603 -7.965784284662087 -7.965784284662087 -1.700439716698397 -0.115477215977241
1.106915202679916 -7.965784284662087 -7.965784284662087 2.0 2.0 -7.965784284662087 -7.965784284662087
-0.115477215977241 1.6214883763134615 0.8845227840227591 -7.965784284662087 -7.965784284662087 -7.965784284662087 -1.700439716698397
>EIF4B/M291_0.6
10.222431274321957
-0.6438561897747247 -7.965784284662087 -1.0588936890535685 -7.965784284662087 0.8155754288625726 2.0 0.5260688116675877
-0.6438561897747247 1.4436066514756147 -0.3219280948873623 -7.965784284662087 -7.965784284662087 -7.965784284662087 1.3561438102252754
1.4436066514756147 -2.643856189774725 0.8155754288625726 2.0 1.1634987322828796 -7.965784284662087 -7.965784284662087
-7.965784284662087 0.16349873228287956 -0.058893689053568565 -7.965784284662087 -7.965784284662087 -7.965784284662087 -7.965784284662087
>EIF4B/M292_0.6
7.292047531668672
-1.2479275120008906 -7.965784284662087 2.0 1.4525122040316476
-7.965784284662087 -7.965784284662087 -7.965784284662087 0.07400058288647177
1.8395353276370252 2.0 -7.965784284662087 -2.2479275120008904
-7.965784284662087 -7.965784284662087 -7.965784284662087 -7.965784284662087
>ELAVL1/M031_0.6
11.905208867705092
-5.269896451191528 -5.269896451191528 1.1014813932671135 -1.5076997226436446 -5.269896451191528 -5.269896451191528 -2.1341584732256456
-5.269896451191528 -5.269896451191528 -5.269896451191528 -5.269896451191528 -5.269896451191528 -5.269896451191528 -0.7985699470725346
-5.269896451191528 -5.269896451191528 -0.49598125271605914 -0.42930957438920486 -5.269896451191528 -5.269896451191528 -0.799370995855411
1.9716799229501953 1.9716799229501953 0.16253693795175253 1.5259652805574762 1.9716799229501953 1.9716799229501953 1.3910425020797201
>ELAVL1/M108_0.6
11.792510424672562
-2.0997702088756673 -2.0997702088756673 -0.13059051332500518 -1.1007789466137543 -4.497864212442257 -4.497864212442257 -2.1109126857223197
-2.0997702088756673 -2.0997702088756673 -4.497864212442257 -4.497864212442257 -4.497864212442257 -4.497864212442257 -2.1109126857223197
-2.0997702088756673 -2.0997702088756673 -1.343932903889698 1.621176485747285 -0.35127108003209423 -4.497864212442257 -2.1109126857223197
1.722515769487193 1.722515769487193 1.4050870518584153 -1.2750259583549914 1.6450502802092748 1.9512972393009174 1.7248678285822832
>ELAVL1/M112_0.6
11.430435858429203
-2.9125156074229235 -2.9125156074229235 -0.8354183339453405 -0.3966094169066044 -4.754053259745915 -4.754053259745915 -2.123759882560125
-2.9125156074229235 -2.9125156074229235 -4.754053259745915 -1.3342819915584612 -4.754053259745915 -1.3523631070463842 -2.123759882560125
-2.9125156074229235 -2.9125156074229235 -1.3644837466425503 1.2940290739475406 0.22841786260093602 -4.754053259745915 -0.7766193957202002
1.848620556206385 1.848620556206385 1.5917500909870435 -1.3523631070463842 1.4617033213860786 1.8213971876743995 1.5643150720213685
>ELAVL1/M127_0.6
11.607574527097816
-0.24635283040111916 -4.8663370750742825 -0.9110831337097134 0.2322326831180093 -4.8663370750742825 -4.8663370750742825 -2.9383487828827866
-2.939241233795326 -4.8663370750742825 -4.8663370750742825 -4.8663370750742825 -4.8663370750742825 -4.8663370750742825 -2.9383487828827866
-2.939241233795326 -4.8663370750742825 1.2243875390180625 1.2540948785302828 -1.3076859222066732 -4.8663370750742825 -2.9383487828827866
1.5341719564003742 1.9624191563866866 0.134047874331176 -1.3008379050809042 1.8186315490538052 1.9624191563866866 1.8514502913219175
>ELAVL1/M232_0.6
12.014887005462391
-4.659852129081223 -4.659852129081223 -1.221110921440484 -1.3791756616048911 -4.659852129081223 -4.659852129081223 -4.659852129081223
-1.13706879444051 -4.659852129081223 -4.659852129081223 -4.659852129081223 -4.659852129081223 -1.3133998288912827 -1.27280472928841
-1.2203959131729325 -4.659852129081223 -4.659852129081223 -1.37386542068433 -1.395224676270202 -1.395224676270202 -0.3554445648452448
1.6213339222037273 1.9565485572975478 1.8040245659591918 1.6736227339764753 1.8240332384595905 1.6680664821536524 1.467257505412209
>ELAVL2/M328_0.6
18.087410254297463
0.7520724879991095 -1.4594316171946025 -1.4594316171946025 0.6463630460264974 -7.965784284662087 -2.7548875036061635 -7.965784284662087 0.05246741845144063 -1.1699250028850074 0.5260688116675877 -1.4594316171946025 -0.7369655941662062 -0.5025003424527765 -0.8073549206149091
0.3370349887202658 -0.45943161719460224 0.86249647769276 1.0614005434618976 -7.965784284662087 -7.965784284662087 -7.965784284662087 -1.1699250028850074 -0.7548875036061636 -1.6438561897747248 -7.965784284662087 -7.965784284662087 0.7198920812194632 -0.8073549206149091
-2.2479275120008904 -7.965784284662087 -0.8744691217633278 -2.523561951728928 -7.965784284662087 -7.965784284662087 -2.7548875036061635 -0.7548875036061636 -1.1699250028850074 -1.0588936890535685 -1.4594316171946025 -2.321928094887362 -2.087462851349205 0.7776075801062471
-0.2479275120008905 1.5405683808216923 0.34792330259590976 -2.523561951728928 2.0 1.9455522160331118 1.9455522160331118 0.9455522145349285 1.3325753399355151 0.8155754288625726 1.7104933824844162 1.6780719051126378 0.4974996575472235 0.19264507938509087
>ELAVL2/M329_0.6
15.839596208252914
0.0 -7.965784284662087 -7.965784284662087 -7.965784284662087 1.84799690655495 -7.965784284662087 -0.3219280948873623 -7.965784284662087 0.4854268271702417
-7.965784284662087 -2.321928094887362 -7.965784284662087 -2.321928094887362 -7.965784284662087 -7.965784284662087 -7.965784284662087 -2.321928094887362 -7.965784284662087
-7.965784284662087 -7.965784284662087 -7.965784284662087 -2.321928094887362 -1.3219280948873622 -2.321928094887362 -7.965784284662087 -1.3219280948873622 -2.321928094887362
1.5849625007211563 1.925999418556223 2.0 1.84799690655495 -7.965784284662087 1.925999418556223 1.6780719051126378 1.7655347463629771 1.2630344058337937
>ELAVL2/M330_0.6
15.719043687178832
0.4150374978361488 -7.965784284662087 -7.965784284662087 -7.965784284662087 1.7369655935891284 -0.5849624978357663 -7.965784284662087 -7.965784284662087 -7.965784284662087
-7.965784284662087 -7.965784284662087 -0.5849624978357663 0.4150374978361488 -7.965784284662087 -0.5849624978357663 -7.965784284662087 -7.965784284662087 -7.965784284662087
-7.965784284662087 -7.965784284662087 -7.965784284662087 -7.965784284662087 -0.5849624978357663 -7.965784284662087 -7.965784284662087 -7.965784284662087 -7.965784284662087
1.4150375000001914 2.0 1.7369655935891284 1.4150375000001914 -7.965784284662087 1.4150375000001914 2.0 2.0 2.0
>ENOX1/M140_0.6
10.569487422793742
0.45840564988095533 1.226233715854565 -3.673231029313771 1.9125874962065115 -3.673231029313771 1.7640454425153596 -1.9358150630006001
0.8087992878872411 -0.7833580085686643 -1.059798265855421 -3.673231029313771 1.7708715301864537 -3.673231029313771 -1.9358150630006001
-1.9067569865943108 -0.14217120230257851 1.4017366367329038 -3.673231029313771 -3.673231029313771 -1.1625157300041835 1.6852133134107086
-0.718964778251488 -2.528836134959774 -0.32243521917911966 -3.673231029313771 -1.2154982416283335 -3.673231029313771 -1.9358150630006001
>ESRP2/M141_0.6
11.277303363642812
-1.5544689571602068 -2.7449109834415353 -4.278795060781313 -4.278795060781313 -0.18780810130264086 1.5189591011197587 -0.2779360275895268
-1.5544689571602068 -2.7449109834415353 -4.278795060781313 -4.278795060781313 -2.766371412723114 -2.766371412723114 -1.219540227955349
-1.5544689571602068 1.8288230656260978 1.9431515488810185 1.9431515488810185 1.4998404450678335 -0.2511766959787132 -0.3424502888354839
1.5746530504696634 -2.7449109834415353 -4.278795060781313 -4.278795060781313 -2.766371412723114 -2.766371412723114 0.9687246035974226
>Fusip1/M019_0.6
11.456079117135745
1.7356802377581735 -1.3714954107448358 1.9601646549979734 -1.2126246292212266 1.8161343370446017 1.21398131970856 1.1003473677770785
-2.163515366998849 -4.783407889322055 -4.783407889322055 -4.783407889322055 -1.3004058405809265 -0.2626890890541329 0.06666600155925384
-2.163515366998849 1.8241101813030358 -4.783407889322055 1.8056610185463216 -4.783407889322055 -0.30331910048267685 -0.7797164696885814
-2.163515366998849 -4.783407889322055 -4.783407889322055 -4.783407889322055 -4.783407889322055 -4.783407889322055 -2.1445715739977724
>Fusip1/M086_0.6
10.61178753299344
1.8219815484154294 0.1906731356952752 1.8321904535661606 -1.3148661889227573 1.4779957338144756 0.26580368283963246 0.38707600285388055
-1.3538523875103696 -4.7741987367283105 -4.7741987367283105 -4.7741987367283105 -4.7741987367283105 -1.1036263844190146 -0.784170657866846
-4.7741987367283105 1.4779957338144756 -1.44954114932469 1.8176019963272545 0.1906731356952752 1.1989997639019674 0.9850223031536762
-4.7741987367283105 -4.7741987367283105 -4.7741987367283105 -4.7741987367283105 -4.7741987367283105 -4.7741987367283105 -2.9188767766704116
>Fusip1/M087_0.6
11.21080335856556
1.8524279067381433 -0.46912993845324236 1.9648369068403742 -1.3705287429723938 1.8199156584431353 1.0214124123900463 1.0406849929999324
-2.9473942001367095 -4.9610689759384865 -4.9610689759384865 -4.9610689759384865 -4.9610689759384865 -1.28163165719336 -0.8243816489738944
-2.9473942001367095 1.6840962416707383 -4.9610689759384865 1.8274292394831901 -1.3033476845712055 0.6103787144488835 0.3235342704080558
-2.9473942001367095 -4.9610689759384865 -4.9610689759384865 -4.9610689759384865 -4.9610689759384865 -4.9610689759384865 -2.980748342127948
>Fusip1/M088_0.6
11.773297670702764
1.860153856437808 -5.199104535358055 1.9702408204468305 -1.620609248783682 1.9702408204468305 1.0876079072965659 1.0586808026553878
-3.021174725216167 -5.199104535358055 -5.199104535358055 -5.199104535358055 -5.199104535358055 0.18905232114049386 -0.1866692153788968
-3.021174725216167 1.9702408204468305 -5.199104535358055 1.8561326429725113 -5.199104535358055 -0.49909578939862725 -0.5293517988070654
-3.021174725216167 -5.199104535358055 -5.199104535358055 -5.199104535358055 -5.199104535358055 -5.199104535358055 -1.5333418021233716
>G3BP2/M021_0.6
11.493817357592748
1.570202666739308 -2.8569142497254187 -4.515450202227639 1.9518972458195432 -4.515450202227639 0.31458476654493067 1.2825827306023212
-2.1033890102559663 -2.8569142497254187 -4.515450202227639 -4.515450202227639 -4.515450202227639 -4.515450202227639 -4.515450202227639
-2.1033890102559663 1.8423355797967333 1.9518972458195432 -4.515450202227639 -4.515450202227639 0.9430046429957557 0.16913187314522116
-0.8233865829518704 -2.8569142497254187 -4.515450202227639 -4.515450202227639 1.9518972458195432 -0.33990217519721705 -1.324983016558862
>HNRNPA1/M022_0.6
11.475964845327077
0.10149578418105755 -4.701512246875584 1.9578036156516945 -4.701512246875584 -4.701512246875584 -4.701512246875584 1.2414541948452722
-1.5919385427179114 -4.701512246875584 -4.701512246875584 -4.701512246875584 -4.701512246875584 -4.701512246875584 -1.2659434508649043
0.12241242056963533 -4.701512246875584 -4.701512246875584 1.9578036156516945 1.9578036156516945 1.811774007418994 -1.2659434508649043
0.5915221804560321 1.9578036156516945 -4.701512246875584 -4.701512246875584 -4.701512246875584 -1.2778946069229415 -0.31477214970886996
>HNRNPA1/M271_0.6
10.706952729682728
-7.965784284662087 2.0 -7.965784284662087 -3.554588834365297 -1.232660753039268 1.1458508655201542
-2.5545888682686306 -7.965784284662087 -7.965784284662087 -7.965784284662087 -3.554588834365297 -7.965784284662087
-7.965784284662087 -7.965784284662087 2.0 1.9689731040030203 1.6548645147701393 -7.965784284662087
1.9372642453894149 -7.965784284662087 -7.965784284662087 -7.965784284662087 -1.554588851316964 0.8377285722690191
>HNRNPA1L2/M023_0.6
11.20907932151194
-0.4902924686109029 -4.254331778451149 1.9421596197059463 -4.254331778451149 -4.254331778451149 -2.7770872470647987 0.8575304059322489
-1.5373294039168728 -4.254331778451149 -4.254331778451149 -4.254331778451149 -4.254331778451149 -2.7770872470647987 -1.5945907942417108
0.09632560554475426 -4.254331778451149 -4.254331778451149 1.9421596197059463 1.9421596197059463 1.6763666005222477 -1.5945907942417108
0.9065438362336585 1.9421596197059463 -4.254331778451149 -4.254331778451149 -4.254331778451149 -0.9657607170785661 0.6095977508997164
>HNRNPA2B1/M024_0.6
11.217306568349867
0.2328428170999155 -2.1018872280911043 1.9524986176434067 -4.533300911694541 -4.533300911694541 -4.533300911694541 1.3990537108290757
-1.2284858405399885 -2.1018872280911043 -4.533300911694541 -4.533300911694541 -4.533300911694541 -4.533300911694541 -1.60146275254666
0.23808734483037475 -2.1018872280911043 -4.533300911694541 1.9524986176434067 1.9524986176434067 1.9524986176434067 -1.60146275254666
0.28529404375216105 1.722964343195004 -4.533300911694541 -4.533300911694541 -4.533300911694541 -4.533300911694541 -0.5071126746337764
>HNRNPC/M025_0.6
12.116276336744669
1.1783907630438912 -5.344464749182495 -5.344464749182495 -5.344464749182495 -5.344464749182495 -5.344464749182495 -2.1957986425961935
-0.4376799638656451 -5.344464749182495 -5.344464749182495 -5.344464749182495 -5.344464749182495 -5.344464749182495 -0.7609794720834571
-1.6376665471359055 -5.344464749182495 -5.344464749182495 -5.344464749182495 -5.344464749182495 -5.344464749182495 0.12283065596813784
-0.5626415848330982 1.9731198813575421 1.9731198813575421 1.9731198813575421 1.9731198813575421 1.9731198813575421 1.0722861669130666
>HNRNPCL1/M158_0.6
12.160285014516887
1.1110155548668545 -5.556785271673442 -5.556785271673442 -5.556785271673442 -5.556785271673442 -5.556785271673442 -2.231329197258595
-0.4720476815699083 -5.556785271673442 -5.556785271673442 -5.556785271673442 -5.556785271673442 -5.556785271673442 -0.9310752148260948
-1.6483667503657828 -5.556785271673442 -5.556785271673442 -5.556785271673442 -5.556785271673442 -5.556785271673442 0.028623458742083947
-0.32178042818043007 1.9768281945239408 1.9768281945239408 1.9768281945239408 1.9768281945239408 1.9768281945239408 1.1651284870303278
>HNRNPH2/M151_0.6
11.670693531611102
-2.1649388329506776 -3.0837630975106163 -1.3349673327372316 1.6055815680400425 -5.422397287989896 -5.422397287989896 -0.8690831276771761
-1.0480554515689 -1.445784282665821 -1.8422978569589399 -1.8422978569589399 -1.8422978569589399 -1.8422978569589399 -0.8757791207869566
1.61842532731654 1.7642651084345875 1.7230794591217258 -1.8285999720088841 1.699899050996667 1.877542558469051 1.381900459232488
-2.1649388329506776 -3.0837630975106163 -5.422397287989896 -1.3349673327372316 -1.155141140288251 -5.422397287989896 -1.730098653126764
>HNRNPL/M027_0.6
11.22797297431241
1.5608381602604415 -0.38509186195223283 1.9510784857937107 -1.180714249216395 1.8223276086272209 0.1323990837941483 1.518766561939308
-0.7682216221719099 1.456436700521614 -4.4915077708959155 1.4254034048892867 -4.4915077708959155 1.4931220522808288 -0.22448186252129415
-2.1121401002521374 -4.4915077708959155 -4.4915077708959155 -4.4915077708959155 -4.4915077708959155 -4.4915077708959155 -2.8435358650421123
-2.1121401002521374 -1.1664459150129536 -4.4915077708959155 -0.2713986617427175 -1.4166668870482453 -4.4915077708959155 -2.8435358650421123
>HNRNPL/M089_0.6
10.575595771389436
1.9126524536990497 -3.674271487262625 1.9126524536990497 -1.1542503174201202 0.9323591674858283 1.610511877834531 0.5317645505228682
-3.674271487262625 1.9126524536990497 -3.674271487262625 1.7630028144490586 -1.1542503174201202 -1.222624581188777 0.1157556191574772
-3.674271487262625 -3.674271487262625 -3.674271487262625 -3.674271487262625 0.6452175953816623 -1.1858523257462785 0.14902331659799342
-3.674271487262625 -3.674271487262625 -3.674271487262625 -3.674271487262625 -3.674271487262625 -3.674271487262625 -1.466166712170819
>hnRNPLL/M169_0.6
11.85470840134224
1.370582182992861 -4.638487535624592 1.9558902852089324 -0.430593714559319 1.6029830282181103 -4.638487535624592 1.9558902852089324
-2.1265440831498506 1.9558902852089324 -4.638487535624592 1.057582049295539 -4.638487535624592 1.9558902852089324 -4.638487535624592
-0.06455603329030585 -4.638487535624592 -4.638487535624592 -1.4358817594703357 -0.18115912253234995 -4.638487535624592 -4.638487535624592
-2.1265440831498506 -4.638487535624592 -4.638487535624592 -0.30939055675972177 -4.638487535624592 -4.638487535624592 -4.638487535624592
>MATR3/M036_0.6
11.599105787195537
0.8746182219241123 1.790993665496082 -1.3125265556218133 -3.8620928718846725 -3.8620928718846725 -3.8620928718846725 -0.4967719860549022
0.5546281022714149 -3.8620928718846725 -3.8620928718846725 1.9236026628423568 -3.8620928718846725 -3.8620928718846725 -1.5082853351695389
-1.519347662992129 -3.8620928718846725 -3.8620928718846725 -3.8620928718846725 -3.8620928718846725 -3.8620928718846725 1.3719779421436724
-1.519347662992129 -1.3149840032041884 1.7907079691045995 -3.8620928718846725 1.9236026628423568 1.9236026628423568 -1.5082853351695389
>MSI1/M040_0.6
10.885876966073003
-2.123035573544575 1.9534774733682216 -4.562854230656524 -1.0105573158482204 0.8044879116924668 1.161509869258699 -0.8556262319020373
-2.123035573544575 -4.562854230656524 -4.562854230656524 -1.268082721188791 -4.562854230656524 -2.874194327994453 -2.1343586148690226
-2.123035573544575 -4.562854230656524 1.9534774733682216 -1.108023727790317 -4.562854230656524 0.575609228076504 1.581031671577873
1.7274020208041048 -4.562854230656524 -4.562854230656524 1.3920454735909578 1.1169329841049236 -2.874194327994453 -2.1343586148690226
>MSI1/M167_0.6
10.692410281583221
-2.8547562283595753 1.951469330813377 -4.502885710833047 -1.175165046094953 0.5321426582750014 1.172703931695983 -1.2865867558542556
-2.8547562283595753 -4.502885710833047 -4.502885710833047 -1.3122662014651936 -4.502885710833047 -2.114629456176614 -1.2865867558542556
-2.8547562283595753 -4.502885710833047 1.951469330813377 -0.3067659396943871 -1.3079331064195538 0.36047901329629706 1.4700114300804352
1.842086165449672 -4.502885710833047 -4.502885710833047 1.230219644235903 1.0744504484944752 -2.114629456176614 -1.2865867558542556
>NCL/M245_0.6
33.14410725006286
-1.3219280948873622 -1.3219280948873622 -7.965784284662087 1.925999418556223 2.0 2.0 -1.3219280948873622 -7.965784284662087 -7.965784284662087 -7.965784284662087 -7.965784284662087 2.0 2.0 -7.965784284662087 -7.965784284662087 2.0 -2.321928094887362 -7.965784284662087
1.84799690655495 1.6780719051126378 -1.3219280948873622 -2.321928094887362 -7.965784284662087 -7.965784284662087 -7.965784284662087 2.0 2.0 2.0 -7.965784284662087 -7.965784284662087 -7.965784284662087 -2.321928094887362 -7.965784284662087 -7.965784284662087 -0.3219280948873623 -2.321928094887362
-7.965784284662087 -2.321928094887362 1.84799690655495 -7.965784284662087 -7.965784284662087 -7.965784284662087 0.8479969065549501 -7.965784284662087 -7.965784284662087 -7.965784284662087 2.0 -7.965784284662087 -7.965784284662087 1.925999418556223 -2.321928094887362 -7.965784284662087 1.3785116232537298 1.7655347463629771
-7.965784284662087 -2.321928094887362 -7.965784284662087 -7.965784284662087 -7.965784284662087 -7.965784284662087 0.8479969065549501 -7.965784284662087 -7.965784284662087 -7.965784284662087 -7.965784284662087 -7.965784284662087 -7.965784284662087 -7.965784284662087 1.925999418556223 -7.965784284662087 -1.3219280948873622 -1.3219280948873622
>NONO/M307_0.6
9.842458722791568
2.0 -7.965784284662087 -7.965784284662087 -7.965784284662087 1.842458722791567
-7.965784284662087 -7.965784284662087 -7.965784284662087 -7.965784284662087 -7.965784284662087
-7.965784284662087 2.0 2.0 2.0 -7.965784284662087
-7.965784284662087 -7.965784284662087 -7.965784284662087 -7.965784284662087 -1.2730184924828225
>PABPC1/M146_0.6
11.625855885071072
1.599472316630898 0.38361203223440044 1.962627761015322 1.962627761015322 1.962627761015322 1.6282741464037391 1.4589888668147355
-1.6293886280668526 -1.0227725340286566 -4.874264015885956 -4.874264015885956 -4.874264015885956 -1.0595715302188706 -0.2963809165898699
-1.6293886280668526 1.0512372721757346 -4.874264015885956 -4.874264015885956 -4.874264015885956 -1.3411711370361823 -4.874264015885956
-1.6293886280668526 -2.9332424110773583 -4.874264015885956 -4.874264015885956 -4.874264015885956 -4.874264015885956 -1.313098751713352
>PABPC1/M275_0.6
10.0
2.0 2.0 2.0 2.0 2.0
-7.965784284662087 -7.965784284662087 -7.965784284662087 -7.965784284662087 -7.965784284662087
-7.965784284662087 -7.965784284662087 -7.965784284662087 -7.965784284662087 -7.965784284662087
-7.965784284662087 -7.965784284662087 -7.965784284662087 -7.965784284662087 -7.965784284662087
>PABPC1/M349_0.6
10.303075393919075
2.0 -0.8073549206149091 0.19264507938509087 1.777607578423103 2.0 -7.965784284662087 0.7776075801062471
-7.965784284662087 1.777607578423103 -7.965784284662087 -7.965784284662087 -7.965784284662087 0.19264507938509087 0.7776075801062471
-7.965784284662087 -7.965784284662087 0.19264507938509087 -0.8073549206149091 -7.965784284662087 -0.8073549206149091 -0.8073549206149091
-7.965784284662087 -7.965784284662087 0.7776075801062471 -7.965784284662087 -7.965784284662087 1.1926450768603747 -7.965784284662087
>PABPC3/M144_0.6
11.799251590099882
0.07982436764668178 1.948539034535529 1.948539034535529 1.948539034535529 1.948539034535529 -1.3928912216689326 0.398667829028761
-1.593896793339831 -4.419760703883546 -4.419760703883546 -4.419760703883546 -4.419760703883546 1.6791651438027775 1.1365423582532297
1.1893879499017603 -4.419760703883546 -4.419760703883546 -4.419760703883546 -4.419760703883546 -4.419760703883546 -2.0493817593917343
-1.593896793339831 -4.419760703883546 -4.419760703883546 -4.419760703883546 -4.419760703883546 -1.4342020149720776 -2.0493817593917343
>PABPC4/M042_0.6
12.098718202965555
1.6386523769905998 1.6616817331831308 1.9651413226658234 1.9651413226658234 1.9651413226658234 1.4536211914197532 1.4493389333746
-1.2781654440506096 -1.2669919963599625 -4.973461780817655 -4.973461780817655 -4.973461780817655 -1.1711515494584013 -1.254301987882541
-1.177549055956775 -1.362924277288372 -4.973461780817655 -4.973461780817655 -4.973461780817655 -1.2687883219720657 -0.28957229465656326
-4.973461780817655 -4.973461780817655 -4.973461780817655 -4.973461780817655 -4.973461780817655 -1.3148102570677664 -4.973461780817655
>PABPC5/M162_0.6
11.322127407862656
1.5944406472131047 -0.31153619636008 1.9411471837213232 1.9411471837213232 1.9411471837213232 0.89212891775207 -1.1705654635790728
-1.6137763405496366 -2.772241932245562 -4.229799804182659 -4.229799804182659 -4.229799804182659 -1.1626187010072098 -0.46998416915193925
-1.6137763405496366 1.5367806528151684 -4.229799804182659 -4.229799804182659 -4.229799804182659 -0.3491069530170256 -4.229799804182659
-1.6137763405496366 -2.772241932245562 -4.229799804182659 -4.229799804182659 -4.229799804182659 -0.13239394456809425 1.4753356389183432
>PABPN1/M148_0.6
11.147737725562626
1.962969557109267 0.17931203252869105 1.962969557109267 1.962969557109267 -0.36766237299263305 1.962969557109267 -0.15279903301870817
-4.887348991102571 -4.887348991102571 -4.887348991102571 -4.887348991102571 -1.3872012035069676 -4.887348991102571 0.32040189065274144
-4.887348991102571 1.4854682442893625 -4.887348991102571 -4.887348991102571 1.489989362183456 -4.887348991102571 -0.1462981481716784
-4.887348991102571 -4.887348991102571 -4.887348991102571 -4.887348991102571 -4.887348991102571 -4.887348991102571 -0.07665746988472127
>PPRC1/M044_0.6
10.239929993122887
-1.523396631956911 -3.755865822338946 -3.755865822338946 -3.755865822338946 -3.755865822338946 -3.755865822338946 -1.9443694755472531
0.5294427494788597 1.1956656164154738 -0.2799888753827306 1.9175953582337835 -1.1882144288343082 1.7770197552202434 0.4440216466594624
0.8959978142040539 0.24904378939813654 1.5985342823238289 -3.755865822338946 1.7710854691036075 -1.2352207175304546 1.0840316976218958
-1.523396631956911 -1.1614851331398965 -3.755865822338946 -3.755865822338946 -3.755865822338946 -3.755865822338946 -1.9443694755472531
>PTBP1/M227_0.6
11.204252200024285
-0.045920414506855474 -2.693783348522254 -4.030259758474975 -4.030259758474975 -4.030259758474975 -4.030259758474975 -2.0096997918504793
1.1077087939311665 -0.19181746892479473 -4.030259758474975 -4.030259758474975 -1.1953193933328006 1.4343934171663617 -0.6614723481412782
-2.0114766816263794 -2.693783348522254 -4.030259758474975 -4.030259758474975 -4.030259758474975 -4.030259758474975 -2.0096997918504793
-0.6705250042727758 1.493331029401487 1.932209271358864 1.932209271358864 1.782787950545432 0.23254953115173863 1.5216124662621104
>PTBP1/M228_0.6
10.855874725263742
0.9499044008964749 -4.001833687611534 -4.001833687611534 -1.234653488397873 -1.234653488397873 -2.6866785750330506 -1.9999493796044845
-0.24045813987044484 1.4231196948996903 -4.001833687611534 -4.001833687611534 -4.001833687611534 1.4671227404785432 -0.6240144865563113
-1.2099219168873183 -4.001833687611534 -4.001833687611534 -4.001833687611534 -4.001833687611534 -2.6866785750330506 -1.9999493796044845
-0.34101276001268926 0.2552119888002618 1.9308274542786243 1.7866859366723145 1.7866859366723145 -0.1130064939037272 1.5115285613657827
>RALY/M150_0.6
12.435748937127041
-1.0538130220077648 -5.369616239936648 -5.369616239936648 -5.369616239936648 -5.369616239936648 -5.369616239936648 -1.6719681039126342
-3.041493430390702 -5.369616239936648 -5.369616239936648 -5.369616239936648 -5.369616239936648 -1.4215221884652731 -0.5223993667947243
-3.041493430390702 -5.369616239936648 -5.369616239936648 -5.369616239936648 -5.369616239936648 -1.3935306030258825 1.1418304987699235
1.7116686662704765 1.9735887153026896 1.9735887153026896 1.9735887153026896 1.9735887153026896 1.687894910875884 -0.3522639175767152
>RBM24/M175_0.6
11.319335017880228
0.9162593654648347 -4.78582568618269 0.22700606775145798 -4.78582568618269 -4.78582568618269 -4.78582568618269 1.0989980802438477
-1.6213340477051215 -4.78582568618269 -4.78582568618269 -4.78582568618269 -4.78582568618269 -4.78582568618269 -2.1246464905137152
-1.6213340477051215 1.9602322865582493 -4.78582568618269 1.9602322865582493 -4.78582568618269 1.9602322865582493 -0.6662364439882276
0.5486484096064272 -4.78582568618269 1.463148425938549 -4.78582568618269 1.9602322865582493 -4.78582568618269 -0.0021864560471615956
>RBM28/M047_0.6
11.113740709364825
-1.6400334642607441 1.0368274512984543 -4.35692632228815 -4.35692632228815 1.9462049796193033 -4.35692632228815 0.6892313017228417
-1.6400334642607441 -2.8134109665339997 -4.35692632228815 -4.35692632228815 -4.35692632228815 -4.35692632228815 -1.5622095279932966
1.6028620378663163 -2.8134109665339997 1.9462049796193033 -4.35692632228815 -4.35692632228815 1.9462049796193033 -0.61427488952473
-1.6400334642607441 0.7344574342744215 -4.35692632228815 1.9462049796193033 -4.35692632228815 -4.35692632228815 0.4809740298823887
>RBM3/M048_0.6
10.517665695014388
-0.5622950189430596 1.5252550504811109 -0.43835052882326414 1.9411137152591669 -0.38296428087048573 -0.9991342157751467 1.449620527462685
-1.6011283920709127 -2.7653762940580977 -4.228996513618245 -4.228996513618245 1.6445421272010154 -2.7741001643421757 -1.2416820300957037
1.4133438051009166 -0.27321393872137906 -0.38296428087048573 -4.228996513618245 -4.228996513618245 1.2558247306025352 -1.2416820300957037
-1.6011283920709127 -2.7653762940580977 1.287965738906959 -4.228996513618245 -4.228996513618245 -0.050688738096110304 -1.2416820300957037
>RBM4/M050_0.6
11.989545092372309
-2.1904193405276464 -5.280707321076608 -5.280707321076608 -5.280707321076608 -5.280707321076608 -5.280707321076608 -2.1463788907475165
-2.1904193405276464 1.9718934170557016 -5.280707321076608 1.8368089144446327 -1.409812643424705 -0.17322621301240929 -0.0913484433826618
1.74102975259753 -5.280707321076608 1.9718934170557016 -1.409812643424705 1.8368089144446327 1.4404307908818486 1.190679885892262
-2.1904193405276464 -5.280707321076608 -5.280707321076608 -5.280707321076608 -5.280707321076608 -1.4212091809903797 -0.8549793399502116
>RBM4/M109_0.6
11.824673872195573
-3.057798522221753 -5.502046751577135 -5.502046751577135 -5.502046751577135 -5.502046751577135 -5.502046751577135 -1.6593044976163815
-1.1269940108002863 1.7110283460170503 -5.502046751577135 1.8366886858660894 -1.3809122407501362 0.2932442655291909 -1.6593044976163815
1.58061187141943 -0.552309873327155 1.9759246098169547 -1.3809122407501362 1.8366886858660894 1.2748161007331658 1.6089155724767925
-1.2139946067310174 -5.502046751577135 -5.502046751577135 -5.502046751577135 -5.502046751577135 -1.5870050766990729 -1.6593044976163815
>RBM41/M051_0.6
11.152329585951534
0.8351266295135148 -4.793132123135059 1.9604359540372382 -4.793132123135059 1.2212346607486124 -4.793132123135059 -1.2589733289653617
-2.141206936857055 -4.793132123135059 -4.793132123135059 1.9604359540372382 -4.793132123135059 -4.793132123135059 -1.2589733289653617
-2.141206936857055 -4.793132123135059 -4.793132123135059 -4.793132123135059 -4.793132123135059 -4.793132123135059 -0.36043680424039287
0.8177102373267277 1.9604359540372382 -4.793132123135059 -4.793132123135059 0.6748241396057412 1.9604359540372382 1.2542244795404547
>RBM42/M142_0.6
11.978311047325825
1.6088279171776816 1.9620706418146294 -4.853193400586849 -4.853193400586849 1.9620706418146294 1.0620986949343425 -1.2623092102970468
-1.659023032704666 -4.853193400586849 1.9620706418146294 -4.853193400586849 -4.853193400586849 0.3470227592747712 -1.2623092102970468
-1.659023032704666 -4.853193400586849 -4.853193400586849 -4.853193400586849 -4.853193400586849 -2.9391237220858364 1.459101867955283
-1.659023032704666 -4.853193400586849 -4.853193400586849 1.9620706418146294 -4.853193400586849 -0.97224333082435 -1.2623092102970468
>RBM46/M052_0.6
10.54121618898593
1.5133886426239875 1.9499394852973078 -4.458870115595643 -4.458870115595643 1.9499394852973078 1.2704279256730309 0.2705353960719335
-2.813781294910747 -4.458870115595643 -4.458870115595643 1.2579605042238124 -4.458870115595643 -2.799684245023159 -1.1946274722995656
-0.2163210339292213 -4.458870115595643 -4.458870115595643 0.6016788104398896 -4.458870115595643 -0.9301061539285793 -0.3435682416646786
-2.813781294910747 -4.458870115595643 1.9499394852973078 -4.458870115595643 -4.458870115595643 -0.12150150920632888 0.6496206605731731
>RBM6/M161_0.6
11.508185231338953
0.8724351331191552 1.7831872389622072 -3.967064071790666 -3.967064071790666 -3.967064071790666 1.929097974158972 0.1542745733207626
0.1556818621677584 -3.967064071790666 -3.967064071790666 1.929097974158972 1.929097974158972 -3.967064071790666 -1.5370698680780965
-1.533817923509301 -3.967064071790666 -3.967064071790666 -3.967064071790666 -3.967064071790666 -3.967064071790666 1.1361709626217007
-0.49423218008082104 -1.2167317644861242 1.929097974158972 -3.967064071790666 -3.967064071790666 -3.967064071790666 -1.5370698680780965
>RBM8A/M054_0.6
11.033606709658258
-0.3592868386714055 -3.575453377295845 -3.575453377295845 -3.575453377295845 -3.575453377295845 -3.575453377295845 -1.9075047445330953
-1.1472322075778147 1.4214866565558337 -1.3378686162065614 1.7809930717298235 -1.3378686162065614 1.7592600160615741 -0.6690930915339781
1.2125500679269823 -3.575453377295845 1.7809930717298235 -1.3378686162065614 1.7809930717298235 -1.1616960608389262 1.2973307539243966
-1.1472322075778147 0.20616466493366967 -3.575453377295845 -3.575453377295845 -3.575453377295845 -3.575453377295845 -0.6285914464417142
>RBMS1/M143_0.6
11.31182593557419
-1.2139333491113573 1.9454593017049266 -4.337436329785678 1.9454593017049266 -1.2699558594128844 1.5982245480883484 -4.337436329785678
-1.2139333491113573 -4.337436329785678 -4.337436329785678 -4.337436329785678 -1.1868078247601777 -0.1953443827893877 1.2375021081727193
-0.36720075452982903 -4.337436329785678 -4.337436329785678 -4.337436329785678 -0.976652840560666 -4.337436329785678 0.6258968936086426
1.2403334356801823 -4.337436329785678 1.9454593017049266 -4.337436329785678 1.3993879385181596 -4.337436329785678 -4.337436329785678
>RBMS3/M055_0.6
11.127203169548473
1.2207939351959387 -4.415692469898462 1.9483910898018577 -4.415692469898462 1.9483910898018577 -1.2604740049893242 1.0697953923722514
-0.30282401053625 -1.2103653140722317 -4.415692469898462 -4.415692469898462 -4.415692469898462 -1.244031067491952 0.5135266796168687
-1.21996453223043 -4.415692469898462 -4.415692469898462 -4.415692469898462 -4.415692469898462 -0.19877371890248166 -2.079085412802134
-1.21996453223043 1.7966531435044528 -4.415692469898462 1.9483910898018577 -4.415692469898462 1.1947874290702565 -2.079085412802134
>RBMS3/M164_0.6
10.951700953299323
-0.5240020368634574 1.8383533561202028 -4.487251436228862 1.9509314565134896 -1.2148766781355964 1.6760532090290672 -0.7515138471396144
-0.5252282926695584 -2.8228822023089104 -4.487251436228862 -4.487251436228862 -4.487251436228862 -2.839003998767039 -0.017901833323974686
-1.5833181829409289 -2.8228822023089104 -4.487251436228862 -4.487251436228862 -4.487251436228862 -2.839003998767039 0.5498381426784641
1.1864988842186965 -2.8228822023089104 1.9509314565134896 -4.487251436228862 1.7990944482259124 -0.9297211895297013 -0.0672878754682042
>RBMX/M344_0.6
6.152003095320554
-7.965784284662087 -7.965784284662087 1.4150375000001914 -7.965784284662087
2.0 2.0 0.4150374978361488 0.0
-7.965784284662087 -7.965784284662087 -7.965784284662087 0.7369655953203622
-7.965784284662087 -7.965784284662087 -7.965784284662087 0.4150374978361488
>RBMY1A1/M246_0.6
9.395928676677386
-7.965784284662087 0.3370349887202658 -7.965784284662087 2.0 2.0
2.0 -3.247927539412097 2.0 -7.965784284662087 -7.965784284662087
-7.965784284662087 -7.965784284662087 -7.965784284662087 -7.965784284662087 -7.965784284662087
-7.965784284662087 1.3959286766773862 -7.965784284662087 -7.965784284662087 -7.965784284662087
>RBMY1A1/M247_0.6
9.337921123227565
-3.700439735453433 -0.24100809635609657 -3.700439735453433 1.8231222385431796 1.9422845025559112
1.9719856241698612 -7.965784284662087 1.9434164723261262 -1.378511625562042 -7.965784284662087
-7.965784284662087 -7.965784284662087 -7.965784284662087 -7.965784284662087 -3.672425352070361
-7.965784284662087 1.6571122856324871 -3.700439735453433 -3.700439735453433 -3.672425352070361
>SART3/M062_0.6
11.617364030625927
1.5984037211460695 0.3877296269290511 1.9616912692896435 1.9616912692896435 1.9616912692896435 1.6268964576439788 1.4592332559421775
-1.626054261998381 -1.0215654856568563 -4.8390236536201625 -4.8390236536201625 -4.8390236536201625 -1.0515255052346593 -0.2938036795467875
-1.626054261998381 1.0477567880247727 -4.8390236536201625 -4.8390236536201625 -4.8390236536201625 -1.3432764991682715 -4.8390236536201625
-1.626054261998381 -2.923877196937936 -4.8390236536201625 -4.8390236536201625 -4.8390236536201625 -4.8390236536201625 -1.3230439170977393
>SFPQ/M168_0.6
9.407468688378636
-1.4990548550043796 -2.5500788482419217 0.9507434234689567 -0.36726210456500646 -1.0388244055639748 -2.57581318260492 -1.5191147289140567
-1.4990548550043796 -2.5500788482419217 -3.7050987993398983 -3.7050987993398983 -3.7050987993398983 -2.57581318260492 -1.5191147289140567
1.3645304943623504 -0.894083194599924 0.6448146887325099 1.4448933476318242 -1.227968927428885 1.2433936144553879 0.06776633467721661
-0.47893986098052943 1.6417400178364092 -1.227968927428885 -1.2322754185329112 1.5896115061554557 0.3751763706059603 1.1725562844682516
>SNRNP70/M068_0.6
11.771966382554682
0.21138755695767422 1.3014281348262227 -4.419442073767097 -4.419442073767097 1.948527478978646 1.948527478978646 -0.9530519317645137
-1.2476621959269538 -2.8282070705872524 -4.419442073767097 1.948527478978646 -4.419442073767097 -4.419442073767097 -2.8008431358562715
0.9999557432081116 -2.8282070705872524 -4.419442073767097 -4.419442073767097 -4.419442073767097 -4.419442073767097 1.6764725886057659
-1.2476621959269538 0.32614397949327145 1.948527478978646 -4.419442073767097 -4.419442073767097 -4.419442073767097 -2.8008431358562715
>SNRPA/M069_0.6
12.031593708601504
0.079967487600316 -0.37461092736953794 -4.826445934794897 -4.826445934794897 1.9613512922138077 -4.826445934794897 1.325346799298973
-1.6374781600143582 -4.826445934794897 -4.826445934794897 1.9613512922138077 -4.826445934794897 1.9613512922138077 -2.121747847501801
-1.6374781600143582 -4.826445934794897 1.9613512922138077 -4.826445934794897 -4.826445934794897 -4.826445934794897 0.0489783324902514
1.2017405639669378 1.6591011764803627 -4.826445934794897 -4.826445934794897 -4.826445934794897 -4.826445934794897 -2.121747847501801
>SNRPA/M317_0.6
14.297579916880508
1.6374299210274903 -7.965784284662087 -1.1699250028850074 -7.965784284662087 -7.965784284662087 2.0 -7.965784284662087 -0.16992500288500742
-7.965784284662087 -7.965784284662087 -7.965784284662087 -7.965784284662087 2.0 -7.965784284662087 2.0 -0.16992500288500742
-7.965784284662087 -7.965784284662087 -7.965784284662087 2.0 -7.965784284662087 -7.965784284662087 -7.965784284662087 -1.1699250028850074
-0.16992500288500742 2.0 1.8300749987380247 -7.965784284662087 -7.965784284662087 -7.965784284662087 -7.965784284662087 0.8300749971149926
>SNRPA/M318_0.6
13.297982810801804
1.7104933824844162 -1.4594316171946025 -1.4594316171946025 -7.965784284662087 -7.965784284662087 2.0 -7.965784284662087
-1.4594316171946025 -7.965784284662087 -7.965784284662087 -7.965784284662087 2.0 -7.965784284662087 2.0
-7.965784284662087 -7.965784284662087 -7.965784284662087 1.8624964761057956 -7.965784284662087 -7.965784284662087 -7.965784284662087
-1.4594316171946025 1.8624964761057956 1.8624964761057956 -1.4594316171946025 -7.965784284662087 -7.965784284662087 -7.965784284662087
>SNRPA/M319_0.6
13.862496476105797
2.0 -1.4594316171946025 -7.965784284662087 -7.965784284662087 -7.965784284662087 2.0 -7.965784284662087
-7.965784284662087 -7.965784284662087 -7.965784284662087 -7.965784284662087 2.0 -7.965784284662087 2.0
-7.965784284662087 -7.965784284662087 -7.965784284662087 2.0 -7.965784284662087 -7.965784284662087 -7.965784284662087
-7.965784284662087 1.8624964761057956 2.0 -7.965784284662087 -7.965784284662087 -7.965784284662087 -7.965784284662087
>SNRPA/M345_0.6
18.373879590943357
-7.965784284662087 1.093109403489797 -0.3219280948873623 0.4150374978361488 -7.965784284662087 -7.965784284662087 0.4150374978361488 -7.965784284662087 -7.965784284662087 -0.9068905992152563 1.9004643259338374
-7.965784284662087 -7.965784284662087 -7.965784284662087 -7.965784284662087 2.0 1.7935491230874565 -1.9068905883950436 -7.965784284662087 1.5525410223730083 -1.9068905883950436 -1.9068905883950436
2.0 -0.9068905992152563 -7.965784284662087 -7.965784284662087 -7.965784284662087 -0.9068905992152563 -7.965784284662087 2.0 -7.965784284662087 -7.965784284662087 -7.965784284662087
-7.965784284662087 0.4150374978361488 1.6780719051126378 1.4150375000001914 -7.965784284662087 -7.965784284662087 1.2630344058337937 -7.965784284662087 0.09310940619485039 1.6780719051126378 -7.965784284662087
>SNRPA/M346_0.6
17.348059753471304
-1.0 -2.0 -2.0 -0.4150374992788438 1.9068905956085187 -0.9068905992152563 -7.965784284662087 -7.965784284662087 -7.965784284662087 -7.965784284662087
-2.0 -2.0 -7.965784284662087 -7.965784284662087 -7.965784284662087 -7.965784284662087 -7.965784284662087 2.0 -1.0 -7.965784284662087
1.5849625007211563 1.7004397181410922 1.5849625007211563 0.0 -2.0 -7.965784284662087 2.0 -7.965784284662087 -2.0 1.9068905956085187
-2.0 -2.0 -0.4150374992788438 1.1699250014423124 -7.965784284662087 1.7935491230874565 -7.965784284662087 -7.965784284662087 1.7004397181410922 -2.0
>SNRPA/M347_0.6
18.645006332779758
-0.115477215977241 0.8845227840227591 -7.965784284662087 -7.965784284662087 2.0 -7.965784284662087 -7.965784284662087 1.8845227824598394 -7.965784284662087 -7.965784284662087 -7.965784284662087
-7.965784284662087 -0.115477215977241 -7.965784284662087 2.0 -7.965784284662087 -7.965784284662087 -7.965784284662087 -7.965784284662087 -7.965784284662087 -7.965784284662087 0.6214883781889652
1.4694852826600222 -0.115477215977241 2.0 -7.965784284662087 -7.965784284662087 2.0 -7.965784284662087 -1.700439716698397 2.0 1.106915202679916 1.2995602809572233
-1.700439716698397 -1.700439716698397 -7.965784284662087 -7.965784284662087 -7.965784284662087 -7.965784284662087 2.0 -7.965784284662087 -7.965784284662087 0.8845227840227591 -7.965784284662087
>SNRPA/M348_0.6
11.62900435660798
1.4594316186372973 -7.965784284662087 -7.965784284662087 1.5849625007211563 -2.0 1.8073549220576042 -2.0
-7.965784284662087 0.0 -7.965784284662087 -1.0 -7.965784284662087 -2.0 -2.0
-2.0 1.5849625007211563 1.9068905956085187 -1.0 1.7004397181410922 -2.0 -1.0
0.0 -7.965784284662087 -2.0 -7.965784284662087 -1.0 -7.965784284662087 1.5849625007211563
>SRSF1/M102_0.6
10.96078908317217
-2.921107162526522 0.07638973235744873 1.8328021757620514 -4.725241584855936 -4.725241584855936 1.6096035185151798 0.23027329414849326
-2.921107162526522 -4.725241584855936 -4.725241584855936 -1.2657885548710281 -4.725241584855936 -4.725241584855936 0.5796532938189294
1.849567916815258 1.521056682601932 -4.725241584855936 1.6096035185151798 1.9585019771436403 -0.19642841142109885 -0.5370071768081556
-2.921107162526522 -4.725241584855936 -1.4655202519749952 -1.0155422308837236 -4.725241584855936 -4.725241584855936 -0.6365403162818476
>SRSF1/M103_0.6
11.086115600461138
-4.6944594632907215 -0.4254381821044992 1.957593762543519 -4.6944594632907215 -4.6944594632907215 1.610494370367056 0.3241606787211539
-4.6944594632907215 -4.6944594632907215 -4.6944594632907215 -1.2302656274590955 -4.6944594632907215 -4.6944594632907215 0.30193081854571335
1.957593762543519 1.6681848933753172 -4.6944594632907215 1.610494370367056 1.957593762543519 -0.20225184439486343 -0.374970620311755
-4.6944594632907215 -4.6944594632907215 -4.6944594632907215 -1.0541671401053478 -4.6944594632907215 -4.6944594632907215 -0.4263350556981953
>SRSF1/M104_0.6
10.982973356967802
-2.9285282380959137 -4.75491184929042 1.9593587170644722 -4.75491184929042 -4.75491184929042 1.2400416296196304 0.5297055383007446
-2.9285282380959137 -4.75491184929042 -4.75491184929042 -0.34195356963070633 -4.75491184929042 -4.75491184929042 -0.39161346740057806
1.8503811849308858 1.9593587170644722 -4.75491184929042 1.4569237190926694 1.9593587170644722 0.6451240149294375 0.5575506721311992
-2.9285282380959137 -4.75491184929042 -4.75491184929042 -1.2217319874730121 -4.75491184929042 -4.75491184929042 -1.633432379054504
>SRSF1/M105_0.6
10.993337331119937
-2.956593179882868 -4.8552747077256155 1.96212605416952 -4.8552747077256155 -4.8552747077256155 1.2416320300510153 0.5491852508082279
-2.956593179882868 -4.8552747077256155 -4.8552747077256155 -0.37297464498777766 -4.8552747077256155 -4.8552747077256155 0.1181357353107446
1.8534151862850758 1.96212605416952 -4.8552747077256155 1.4627267014670586 1.96212605416952 0.647311012993577 0.17670157717644866
-2.956593179882868 -4.8552747077256155 -4.8552747077256155 -1.1943750933048412 -4.8552747077256155 -4.8552747077256155 -1.6388485318799786
>SRSF1/M106_0.6
11.567798731286477
0.3931309942537241 1.8440904741588673 -4.6213040076622 -4.6213040076622 1.9553535182688595 -2.1154487023533584 1.378117722617019 0.4396578022436928
0.7059692096674574 -2.8722006158828384 -4.6213040076622 -4.6213040076622 -4.6213040076622 1.333902967792863 -0.4094779756533804 0.3274469716128677
-0.9220468174709063 -2.8722006158828384 1.9553535182688595 1.9553535182688595 -4.6213040076622 -0.5939417373423047 -1.6263483946822423 -0.19124602247393604
-0.9220468174709063 -2.8722006158828384 -4.6213040076622 -4.6213040076622 -4.6213040076622 -0.7713753241750271 -1.6263483946822423 -0.9627511433058015
>SRSF1/M154_0.6
11.232900569190454
-1.5747376284914285 -2.9657262173552876 1.4497307134346797 -1.301611947274575 -1.6496656112608015 1.7353044846192827 -0.3148690458698633
-1.5747376284914285 -2.9657262173552876 -4.866539247255129 -4.866539247255129 -1.6576667092785113 -1.2817100424838168 -0.17618783410454378
1.581538038652766 1.854388515963888 0.2628802504420167 1.8179382471466292 1.7355463658473715 -2.9478915870823514 1.0584542035258355
-1.5747376284914285 -2.9657262173552876 -4.866539247255129 -4.866539247255129 -4.866539247255129 -2.9478915870823514 -2.130752674062169
>SRSF1/M272_0.6
12.968638153254652
1.1375035237499351 -7.965784284662087 1.7655347463629771 1.6780719051126378 -2.321928094887362 1.2630344058337937 1.5849625007211563 -7.965784284662087
-2.321928094887362 -2.321928094887362 -7.965784284662087 -2.321928094887362 -2.321928094887362 -7.965784284662087 -7.965784284662087 1.84799690655495
0.2630344058337938 1.925999418556223 -1.3219280948873622 -1.3219280948873622 1.7655347463629771 0.6780719051126378 0.0 -7.965784284662087
-1.3219280948873622 -7.965784284662087 -2.321928094887362 -2.321928094887362 -2.321928094887362 -7.965784284662087 -7.965784284662087 -1.3219280948873622
>SRSF1/M273_0.6
12.353746909733053
1.7198920812194634 -7.965784284662087 -7.965784284662087 -7.965784284662087 -7.965784284662087 -1.0874628390862968 1.0824621609934701
-2.087462851349205 2.0 -7.965784284662087 1.9125371593808398 -7.965784284662087 1.81942775406964 -2.087462851349205
-2.087462851349205 -7.965784284662087 2.0 -2.087462851349205 1.81942775406964 -7.965784284662087 0.23446525334848384
-2.087462851349205 -7.965784284662087 -7.965784284662087 -7.965784284662087 -1.0874628390862968 -7.965784284662087 -1.0874628390862968
>SRSF1/M351_0.6
16.08871601450635
1.152003094599206 -0.16992500288500742 -3.169924989900752 1.959358015172895 -2.1699249899007524 1.152003094599206 0.15200309459920588 1.9175378391291118 -0.16992500288500742 -7.965784284662087
-1.1699250028850074 -7.965784284662087 -7.965784284662087 -3.169924989900752 1.8744691184407574 -7.965784284662087 -7.965784284662087 -3.169924989900752 -2.1699249899007524 1.959358015172895
-1.1699250028850074 1.152003094599206 1.9175378391291118 -7.965784284662087 -3.169924989900752 0.6374299210274904 1.4739311874090877 -3.169924989900752 1.5305147162548736 -7.965784284662087
-0.16992500288500742 -0.16992500288500742 -3.169924989900752 -7.965784284662087 -7.965784284662087 -2.1699249899007524 -3.169924989900752 -7.965784284662087 -7.965784284662087 -3.169924989900752
>SRSF2/M070_0.6
11.411577901640355
1.2807129373671047 -3.928425609883507 -3.928425609883507 1.7819303144606158 -3.928425609883507 1.2205955299720208 0.2861599606116651 0.35959226666643207
-0.9338213242266017 -3.928425609883507 -3.928425609883507 -3.928425609883507 -3.928425609883507 -3.928425609883507 -3.928425609883507 -0.8821707304411797
-0.9338213242266017 1.9271239785597805 1.9271239785597805 -3.928425609883507 1.9271239785597805 -1.2488838632382593 0.6404712982720224 0.7064958858892499
-0.9338213242266017 -3.928425609883507 -3.928425609883507 -1.2183220531874612 -3.928425609883507 0.24259457497127332 0.2092567788757346 -0.8821707304411797
>SRSF2/M274_0.6
15.449508898995221
-7.965784284662087 -1.4594316171946025 -1.4594316171946025 -7.965784284662087 -7.965784284662087 2.0 -7.965784284662087 -1.4594316171946025 1.1255308808816131
-7.965784284662087 -1.4594316171946025 -7.965784284662087 1.8624964761057956 0.12553088352655392 -7.965784284662087 -7.965784284662087 -7.965784284662087 -7.965784284662087
2.0 -7.965784284662087 -7.965784284662087 -1.4594316171946025 1.5405683808216923 -7.965784284662087 2.0 0.12553088352655392 -1.4594316171946025
-7.965784284662087 1.7104933824844162 1.8624964761057956 -7.965784284662087 -7.965784284662087 -7.965784284662087 -7.965784284662087 1.3479233025959096 0.5405683828053978
>SRSF2/M332_0.6
17.038970739815976
-1.8579810001770047 -7.965784284662087 -1.8579810001770047 -2.8579809792579267 -7.965784284662087 -7.965784284662087 1.8969065074099287 -7.965784284662087 1.2294818472260045 -0.5360529011058268
-7.965784284662087 -7.965784284662087 -7.965784284662087 -7.965784284662087 2.0 1.1420190050527648 -7.965784284662087 -7.965784284662087 -1.2730184924828225 -2.8579809792579267
-0.2730184924828225 2.0 -7.965784284662087 -7.965784284662087 -7.965784284662087 0.8424587227915671 -2.8579809792579267 2.0 -2.8579809792579267 -0.8579810001770047
1.5343364275824887 -7.965784284662087 1.8969065074099287 1.949373926363259 -7.965784284662087 -7.965784284662087 -2.8579809792579267 -7.965784284662087 0.1420190050527647 1.3899465187716014
>SRSF2/M352_0.6
13.697440408884939
1.8231222385431796 -2.7004397354534326 -2.7004397354534326 1.6918777051872664 -7.965784284662087 1.5474877957580813 -1.1154772222289195 -0.115477215977241 0.8845227840227591
-2.7004397354534326 -2.7004397354534326 0.8845227840227591 -0.700439716698397 -7.965784284662087 -1.700439716698397 -7.965784284662087 -2.7004397354534326 -1.700439716698397
-2.7004397354534326 1.8845227824598394 1.0 -2.7004397354534326 2.0 -2.7004397354534326 1.758991900233897 -0.3785116255620419 -1.1154772222289195
-2.7004397354534326 -7.965784284662087 -7.965784284662087 -7.965784284662087 -7.965784284662087 -0.700439716698397 -2.7004397354534326 1.106915202679916 0.4694852826600224
>SRSF9/M065_0.6
10.157995199881421
-1.5891452180649464 -2.7455567694111176 1.128485151871908 1.0101494745870936 -4.1508267443761895 -1.4490230921652103 1.465943562037013
-1.5891452180649464 -2.7455567694111176 -4.1508267443761895 -1.1769420600440335 -4.1508267443761895 -0.044814802213274815 -0.10542566737780032
1.4037940676425604 1.82890440558953 0.7664829303181547 -4.1508267443761895 1.9377633306390156 1.3829552075143001 -2.698864197807442
-0.5367998636944783 -2.7455567694111176 -4.1508267443761895 0.5726921487365209 -4.1508267443761895 -4.1508267443761895 -2.698864197807442
>SRSF9/M072_0.6
10.506224771126021
1.8232150811359429 -1.3134482336810107 -1.2976535272156242 1.6464194930105993 -0.3569719008762921 0.2346802845798899 1.3684128900484565
-2.7011516646899865 -4.051759629104694 -4.051759629104694 -4.051759629104694 -0.268545446029184 1.4344329819277015 -1.5369426629921727
-2.7011516646899865 1.4480475153429007 1.796023666484372 -1.3134482336810107 0.9896731431760476 -4.051759629104694 -0.45619479632596277
-2.7011516646899865 -0.30586147398765146 -4.051759629104694 -1.2976535272156242 -1.3100490764364086 -4.051759629104694 -1.5369426629921727
>SRSF9/M333_0.6
7.779383287270468
1.6974372303161975 -3.2094533670716454 -3.2094533670716454 1.8349407539043756 -0.8875252721842827
-1.6244908663504887 -2.209453367071645 0.11247472781571742 -1.6244908663504887 0.8780094741786947
-7.965784284662087 1.8780094757486863 1.4909863531225136 -7.965784284662087 0.3755091336495114
-1.209453367071645 -7.965784284662087 -7.965784284662087 -3.2094533670716454 -1.6244908663504887
>STAR-PAP/M073_0.6
11.016952404247904
-0.3260846021687045 -0.23066484824618796 1.7934700301577968 -3.524189459984546 1.9027465739785316 -1.885969398777002 -1.468438193974787
1.203651136810307 -1.1534733137868867 -2.491339188088781 -3.524189459984546 -3.524189459984546 1.5013317378972337 -1.468438193974787
-1.1534733137868867 1.169074953671413 -2.491339188088781 -3.524189459984546 -3.524189459984546 -1.885969398777002 -1.468438193974787
-1.1534733137868867 -1.1534733137868867 -2.491339188088781 1.9027465739785316 -3.524189459984546 -0.671538041845668 1.54393139775409
>TARDBP/M074_0.6
11.608085518273429
0.37273047847619695 -4.60425606694156 1.6462278065043183 1.9548144035037656 -4.60425606694156 -4.60425606694156 1.3500775937611866 0.31334542159570744
-0.9478479720501399 -4.60425606694156 -4.60425606694156 -4.60425606694156 -4.60425606694156 -4.60425606694156 -2.0973534554798596 -0.9358734181085416
-0.16669624013984097 1.9548144035037656 -1.2089031271371893 -4.60425606694156 -4.60425606694156 1.9548144035037656 -0.7514407208311957 0.4185533026253373
0.3739692013675243 -4.60425606694156 -1.3358882266456986 -4.60425606694156 1.9548144035037656 -4.60425606694156 -0.6825916352722492 -0.15504920729366778
>TIA1/M075_0.6
11.653765152433033
-0.7346093957604133 -4.0781407762600645 -4.0781407762600645 -4.0781407762600645 -4.0781407762600645 -4.0781407762600645 -1.5683335188850924
-2.0124466333009408 -4.0781407762600645 -4.0781407762600645 -4.0781407762600645 -4.0781407762600645 -0.2734911388435452 -1.5683335188850924
-2.0124466333009408 -4.0781407762600645 -4.0781407762600645 -4.0781407762600645 -4.0781407762600645 -0.28790054799469533 1.1800626263058909
1.53770081388707 1.9344732619807097 1.9344732619807097 1.9344732619807097 1.9344732619807097 1.1981086643172332 0.08370832162650224
>TIA1/M156_0.6
11.718101853022697
-0.19992911790024423 -4.615906822353434 -1.3328424936620806 -4.615906822353434 -4.615906822353434 -4.615906822353434 -1.6050139824265437
-0.9949530460939165 -4.615906822353434 -4.615906822353434 -4.615906822353434 -4.615906822353434 -4.615906822353434 0.9153394979330882
-2.8652159630331795 -4.615906822353434 -4.615906822353434 -4.615906822353434 -4.615906822353434 -1.2345528227917362 -0.4418563225324632
1.3163852399184612 1.955183548845609 1.8161694968809885 1.955183548845609 1.955183548845609 1.8046569717533312 0.0691080911139342
>U2AF2/M077_0.6
12.127196897750588
-0.8926740615710432 -5.439884799223845 -5.439884799223845 -5.439884799223845 -5.439884799223845 -5.439884799223845 -2.238721944387378
-0.9394744155461299 -5.439884799223845 -5.439884799223845 -5.439884799223845 -1.3504706959689232 0.39085261158496093 1.5210490398482377
-2.22663134831816 -5.439884799223845 -5.439884799223845 -5.439884799223845 -5.439884799223845 -5.439884799223845 -2.238721944387378
1.4469471285896836 1.974855302704225 1.974855302704225 1.974855302704225 1.8325908485830085 1.4020439726169827 -0.5017379055396534
>ZNF638/M155_0.6
10.661782100037751
-1.461668606023078 -3.649354521635599 -3.649354521635599 -3.649354521635599 -3.649354521635599 -3.649354521635599 -1.919965944865161
-0.47271457178831044 -3.649354521635599 -3.649354521635599 -3.649354521635599 1.1953290535867758 -3.649354521635599 -1.919965944865161
-0.4885792612507958 1.7732688665113012 -3.649354521635599 -0.9497278982678676 0.6328619773145829 1.392503819027482 -0.715679793163743
1.1398577798767215 -1.2435482353657188 1.911082905740959 1.732433550990481 -3.649354521635599 0.28127622181104595 1.5173061243040296
>SAMD4A/M061_0.6
11.133325031141176
-5.347833491891866 -5.347833491891866 -1.3196760608849047 -5.347833491891866 -5.347833491891866 0.6404129169481838 -0.40134536991462666
-5.347833491891866 1.9731831545583745 -5.347833491891866 -5.347833491891866 -5.347833491891866 0.5591049908408146 1.2876131794380414
1.9731831545583745 -5.347833491891866 0.12563815305177056 1.9731831545583745 1.9731831545583745 -1.242670695583819 -1.3190280639071117
-5.347833491891866 -5.347833491891866 1.3125663165214514 -5.347833491891866 -5.347833491891866 -0.8749302509715359 -1.3190280639071117
>ACO1/M256_0.6
7.9811240848276945
-2.196397200781045 1.6780719051126378 -0.6114347088763583 -0.6114347088763583 -0.3219280948873623 0.21864028692618262
1.3479233025959096 -2.196397200781045 -7.965784284662087 -1.7813597081145534 -0.9740047945585449 0.6780719051126378
-0.7813597180330817 -3.7813597279516102 1.7104933824844162 -0.45943161719460224 1.3479233025959096 -1.4594316171946025
-0.6114347088763583 -0.9740047945585449 -3.7813597279516102 1.2186402869261828 -2.7813597279516102 -0.19639721400574928
>YTHDC1/M354_0.6
6.911280342493598
-7.965784284662087 0.9175378391291118 0.7369655953203622 -7.965784284662087 0.6374299210274904 -2.1699249899007524
-0.8479969054007942 0.5305147162548736 -0.36257008268229696 -7.965784284662087 -0.16992500288500742 1.7842713087584088
0.9175378391291118 -0.8479969054007942 0.15200309459920588 -2.1699249899007524 0.6374299210274904 -1.5849625064919364
0.6374299210274904 -3.169924989900752 -1.1699250028850074 1.9175378391291118 -7.965784284662087 -7.965784284662087