>352_8846295
6.4668404
-0.91842205  -2.4219366   1.7824855   1.2706712
 -2.4219366  -2.4219366  -2.4219366 0.060476651
  1.6311982   1.7824855  -2.4219366  -1.4825874
 -2.4219366  -2.4219366  -2.4219366  -2.4219366
>351_8846295
9.11387765
-0.51457317  -2.5849625 -0.81942775  -2.5849625  0.70781925   1.8073549  0.45066141
-0.51457317    1.282934 -0.26303441  -2.5849625  -2.5849625  -2.5849625   1.2016339
   1.282934  -1.7369656  0.70781925   1.8073549   1.0238467  -2.5849625  -2.5849625
 -2.5849625  0.13750352  -0.0489096  -2.5849625  -2.5849625  -2.5849625  -2.5849625
>244_7543047
13.18985553
 -2.1099037 -0.96844123 -0.96844123  -2.1099037  -2.1099037   1.7246558  -2.1099037 -0.96844123  0.93208783
 -2.1099037 -0.96844123  -2.1099037   1.5972294 0.097407006  -2.1099037  -2.1099037  -2.1099037  -2.1099037
  1.7246558  -2.1099037  -2.1099037 -0.96844123   1.3026561  -2.1099037   1.7246558 0.097407006 -0.96844123
 -2.1099037   1.4574481   1.5972294  -2.1099037  -2.1099037  -2.1099037  -2.1099037   1.1292373  0.43215162
>488_9001221
8.948494499999999
  1.8197339  -2.6747239  -2.6747239  -2.6747239   1.6695589
 -2.6747239  -2.6747239  -2.6747239  -2.6747239  -2.6747239
 -2.6747239   1.8197339   1.8197339   1.8197339  -2.6747239
 -2.6747239  -2.6747239  -2.6747239  -2.6747239 -0.98392952
>1177_19561594
6.33890598
 -0.77330413  -0.90500737   -1.0000001   -1.0000001  -0.95171923  -0.73194902
  0.47326518    1.1665688   -1.0000001  -0.72436363    1.0767149   -0.5528166
-0.039541788  -0.82912641   -1.0000001    1.2598665  -0.23918475    1.0405627
 0.075483219  -0.60312162    1.3219279   -1.0000001  -0.92540695  -0.60122945
>922_19282290
5.2682554
-2.1583699 -2.1583699  1.1974364 -2.1583699
 1.7346434  1.7346434 0.33189273          0
-2.1583699 -2.1583699 -2.1583699  0.6015322
-2.1583699 -2.1583699 -2.1583699 0.33189273
>950_7908267
8.42323797
  1.6677216 -0.53746131  0.14231225     1.46594   1.6677216  -1.8662162  0.60251668
 -1.8662162     1.46594  -1.8662162  -1.8662162  -1.8662162  0.14231225  0.60251668
 -1.8662162  -1.8662162  0.14231225 -0.53746131  -1.8662162 -0.53746131 -0.53746131
 -1.8662162  -1.8662162  0.60251668  -1.8662162  -1.8662162  0.95088141  -1.8662162
>1215_16041388
6.383843860000001
 -0.12873331    0.3081223  -0.24327115   -0.6918777    1.3219281    1.3219281  -0.74284216   0.42586047  -0.48022167  -0.29822383
 -0.20780489  0.067114196   0.40880554 -0.070389328           -1           -1   0.80231933  0.042813084   0.26158519    0.2023894
 0.017487427  -0.43812111  -0.50042899           -1           -1           -1  -0.93128725  -0.63357244  -0.34161643  0.076171681
  0.27180462 -0.034765418   0.16438682   0.94753258           -1           -1   0.18160681 -0.026311278   0.37315342 -0.026311278
>1175_19561594
8.0478475
  0.4551949 -0.59664501 -0.74474341          -1          -1   1.3219281          -1
-0.33948753 -0.82491362          -1          -1   1.3219281          -1   1.3219281
-0.46234411 -0.59664501 -0.82491362   1.3219281          -1          -1          -1
 0.15432915   1.0792272    1.225713          -1          -1          -1          -1
>1213_8021254
7.35090902
 -1.6846597   1.5551287 -0.52368708 -0.52368708 -0.27969754  0.19433085
  1.2399027  -1.6846597  -3.0731687  -1.4144136 -0.81751113  0.61231372
-0.66313185  -2.4508382   1.5862533 -0.39654049   1.2399027  -1.1868919
-0.52368708 -0.81751113  -2.4508382   1.1174079  -2.0174734 -0.17161275
>790_10094314
15.069898590000003
  1.5243698   -1.417104   1.7488463  -2.9178973 -0.69757801   1.7830842  -2.9178973 -0.89998562   1.3975111   -1.417104
-0.69757801  -2.2308418   -1.417104   1.8165283  -2.2308418  -2.2308418    1.677832  -2.9178973 -0.89998562  -0.2196903
 -2.2308418   1.6031405  -2.9178973  -2.9178973  0.58925068  -2.9178973  -1.7673451    1.677832  -2.9178973 -0.69757801
 -1.7673451   -1.417104  -2.9178973  -2.2308418  0.73629659  -2.2308418   -1.417104  -2.9178973 -0.52010534   1.1044578
>947_10094314
15.178702000000001
 -0.73033205   -1.3160481   -1.3160481  -0.31491792    1.6859292  -0.73033205   -2.3183112   -2.3183112   -2.3183112   -2.3183112
  -1.3160481   -1.3160481   -2.3183112   -2.3183112   -2.3183112   -2.3183112   -2.3183112    1.7734086  -0.73033205   -2.3183112
   1.3863037    1.4932437    1.3863037 0.0072361103   -1.3160481   -2.3183112    1.7734086   -2.3183112   -1.3160481    1.6859292
  -1.3160481   -1.3160481  -0.31491792    1.0076879   -2.3183112    1.4932437   -2.3183112   -2.3183112    1.4932437   -1.3160481
>663_1717938
11.945164200000002
  1.7246558 -0.96844123  -2.1099037  -2.1099037  -2.1099037   1.7246558  -2.1099037
 -2.1099037  -2.1099037  -2.1099037  -2.1099037   1.7246558  -2.1099037   1.7246558
 -2.1099037  -2.1099037  -2.1099037   1.7246558  -2.1099037  -2.1099037  -2.1099037
 -2.1099037   1.5972294   1.7246558  -2.1099037  -2.1099037  -2.1099037  -2.1099037
>37_16537540
11.070934999999999
-1.8580857 -2.9737315 -2.9737315  1.8552361 -2.9737315 -2.9737315
-2.9737315 -2.9737315  1.8552361 -2.9737315 -2.9737315 -2.9737315
-2.9737315  1.8552361 -2.9737315 -2.9737315 -2.9737315  1.8552361
 1.7947545 -2.9737315 -2.9737315 -2.9737315  1.8552361 -2.9737315
>949_10094314
10.1470304
  1.2630344  -2.3219281  -2.3219281   1.3785116  -1.3219281   1.5849625  -1.3219281
 -2.3219281           0  -2.3219281 -0.73696559  -2.3219281  -1.3219281  -1.3219281
 -1.3219281   1.3785116   1.6780719 -0.73696559   1.4854268  -1.3219281 -0.73696559
          0  -2.3219281  -1.3219281  -2.3219281 -0.73696559  -2.3219281   1.3785116
>951_12324455
13.660616099999999
-0.32192809  -1.3219281   1.6780719  -2.3219281  -2.3219281  -2.3219281   1.5849625  0.48542683  -1.3219281
 -1.3219281  -2.3219281  -2.3219281  -2.3219281  -2.3219281  -2.3219281  -1.3219281  -2.3219281 -0.73696559
 -2.3219281  -1.3219281  -1.3219281  -2.3219281  -2.3219281  -2.3219281  -1.3219281  -2.3219281           0
  1.3785116   1.5849625  -2.3219281   1.7655347   1.7655347   1.7655347  -2.3219281   1.1375035           1
>682_10811881
17.672121
 0.60251668  -1.8662162  0.14231225  -1.8662162 -0.53746131  0.60251668  0.14231225 -0.53746131  0.14231225  -1.8662162  -1.8662162   1.6677216  -1.8662162  0.14231225  -1.8662162  -1.8662162
 -1.8662162  0.60251668  0.14231225  -1.8662162  0.14231225  0.14231225  0.14231225  0.95088141  -1.8662162  -1.8662162   1.6677216  -1.8662162   1.2312749  0.95088141   1.6677216   1.6677216
 0.14231225  0.95088141  0.60251668 -0.53746131  0.14231225 -0.53746131  0.60251668 -0.53746131  -1.8662162  -1.8662162  -1.8662162  -1.8662162  -1.8662162 -0.53746131  -1.8662162  -1.8662162
 0.14231225  -1.8662162  -1.8662162     1.46594  0.14231225 -0.53746131  -1.8662162 -0.53746131   1.2312749   1.6677216  -1.8662162  -1.8662162  0.14231225  -1.8662162  -1.8662162  -1.8662162
>797_17548433
7.08652094
  1.5491884  -2.0952198  -2.0952198   1.6803506 -0.72401408
 -1.2524957  -1.6131804 0.097116444  -1.2524957  0.78202714
 -2.8243122   1.7215489   1.3534059  -2.8243122  0.32805809
 -0.9641901  -2.8243122  -2.8243122  -2.0952198  -1.2524957
>1217_15351640
25.0
  5  -3  -5  -3   5
  3   5   5   5   3
 -3  -7 -10  -7  -3
  3  -3  -5  -3   3
>953_7543047
12.26005864
   1.6425876   -1.7730861   -1.7730861    1.5185405   -2.6085773    1.3828154   -0.8629555 -0.095898553   0.77181613
  -1.7730861   -1.7730861   0.77181613  -0.55969314   -2.6085773   -1.2474103   -2.6085773   -1.7730861   -1.2474103
  -1.7730861     1.700828   0.87659688   -1.7730861    1.8106971   -1.7730861    1.5818969  -0.30923809   -0.8629555
  -1.7730861   -2.6085773   -2.6085773   -2.6085773   -2.6085773  -0.55969314   -1.7730861   0.97428013   0.40223488
>954_10094314
13.25874095
  1.3598959  -1.2064509  -2.5849625   1.8073549  -1.7369656   1.5025003  -2.5849625   1.5688428  -0.0489096
-0.51457317   1.6322682  -2.5849625  -2.5849625  -2.5849625  -2.5849625  -1.7369656 -0.81942775  0.70781925
 -2.5849625  -2.5849625   1.7513209  -2.5849625   1.3598959  -2.5849625   1.5688428  -2.5849625  -2.5849625
-0.81942775  -1.7369656  -1.7369656  -2.5849625  -0.0489096 -0.26303441 -0.81942775  -1.7369656  0.30256277
>1170_19561594
4.4035905600000005
 0.24311354 -0.99999991 -0.99999991 -0.10410784
-0.86083953 -0.99999991 -0.99999991 -0.99999991
 0.82034014 -0.99999991 -0.99999991 -0.61728171
-0.99999991   1.3219283   1.3219283  0.93939382
>1052_17318228
8.627219199999999
-2.8408487 0.29446094 -2.8408487  1.8404688  1.8404688
 1.8404688 -2.1193573  1.8404688 -2.8408487 -2.8408487
-2.8408487 -2.8408487 -2.8408487 -2.8408487 -2.8408487
-2.8408487   1.265344 -2.8408487 -2.8408487 -2.8408487
>1173_19561594
4.62028767
 0.65450337          -1          -1   1.3219281
         -1          -1          -1          -1
-0.39733409   1.3219281   1.3219281          -1
  0.2223916          -1          -1          -1
>1174_19561594
4.6520888629999995
 0.072756153   0.20810768           -1    1.3219281    1.3219281   0.11929774
 0.024662935  0.024662935  -0.81358565           -1           -1  -0.18555622
 -0.13005913  -0.24327044           -1           -1           -1  -0.57257833
 0.024662935 -0.025091892    1.2815701           -1           -1   0.44579873
>149_16041388
12.5614962
 -1.4546965    1.867547  -3.0958965  -3.0958965    1.867547    1.867547  -3.0958965
 -2.0535142  -3.0958965    1.867547  -3.0958965  -3.0958965  -3.0958965   1.6849725
  -1.032781  -3.0958965  -3.0958965  -3.0958965  -3.0958965  -3.0958965  -3.0958965
  1.5387887  -3.0958965  -3.0958965    1.867547  -3.0958965  -3.0958965 -0.86057055
>783_7972035
14.058233000000001
          0  -2.4521041  -2.4521041  -2.4521041   1.6437941  -2.4521041 -0.25747839  -2.4521041  0.40806226
 -2.4521041  -1.5303424  -2.4521041  -1.5303424  -2.4521041  -2.4521041  -2.4521041  -1.5303424  -2.4521041
 -2.4521041  -2.4521041  -2.4521041  -1.5303424 -0.97243147  -1.5303424  -2.4521041 -0.97243147  -1.5303424
  1.3975358   1.7173493   1.7873355   1.6437941  -2.4521041   1.7173493    1.484377   1.5662864   1.1004115
>359_12507992
17.5574242
   1.6272546    1.6272546   -2.1541149   -2.1541149    1.7440153   -2.1541149   -2.1541149   -2.1541149   -2.1541149   -2.1541149   -2.1541149
  -2.1541149   -2.1541149   -2.1541149    1.7440153   -2.1541149    1.3608777    1.3608777    1.7440153 0.0085134835   -1.0436853   -2.1541149
  -1.0436853   -2.1541149    1.7440153   -2.1541149   -2.1541149   -2.1541149 0.0085134835   -2.1541149    1.3608777   -2.1541149   -2.1541149
  -2.1541149   -1.0436853   -2.1541149   -2.1541149   -2.1541149 0.0085134835   -2.1541149   -2.1541149   -2.1541149    1.5002054    1.7440153
>969_20167602
6.23570757
 -2.8073549  0.81713594   0.6520767  -2.8073549  0.56187889  -1.5849625
 -0.6918777  0.46566357 -0.30485458  -2.8073549 -0.14438991   1.6300504
 0.81713594  -0.6918777  0.13124453  -1.5849625  0.56187889  -1.2223924
 0.56187889  -2.0703893  -0.9328858   1.7574297  -2.8073549  -2.8073549
>661_1717938
12.078717810000002
  1.3692338          -2 -0.77760758          -2          -2   1.7004397          -2 -0.12553088
         -2          -2          -2          -2   1.7004397          -2   1.7004397 -0.12553088
         -2          -2          -2   1.7004397          -2          -2          -2 -0.77760758
-0.12553088   1.7004397   1.5443205          -2          -2          -2          -2  0.66296501
>782_8497264
15.743840538999999
 0.41613255  -1.1093846  -1.1093846  0.56509809  -2.5294308  -1.6513173  -2.5294308  0.24999551 -0.71635307  0.56509809  -1.1093846 -0.71635307 -0.71635307  -1.1093846
0.062206099  -0.4077915  0.70011158  0.93728045  -2.5294308  -2.5294308  -2.5294308 -0.71635307  -0.4077915  -1.1093846  -2.5294308  -2.5294308  0.24999551  -1.1093846
 -1.6513173  -2.5294308 -0.71635307  -1.6513173  -2.5294308  -2.5294308  -1.6513173  -0.4077915 -0.71635307 -0.71635307  -1.1093846  -1.6513173  -1.6513173 0.062206099
 -0.4077915   1.3193199  0.24999551  -1.6513173   2.0328239   1.9807229   1.9807229   1.0426846   1.4008804  0.82356415   1.4780757   1.3193199 0.062206099  -0.4077915
>816_15351640
25.0
 0 -3  5 -3  0
 5  5 -1 -3  5
-5 -7 -7 -7 -7
 0 -3 -3  5  0
>1171_19561594
8.504039150000002
   1.3219281           -1    1.2174764  0.078003119 -0.082462839  -0.23581353  -0.20909454  -0.53433683  -0.50154487 -0.082462839   -0.4074248 -0.058415875  -0.23581353  -0.26303325  -0.15709999
          -1           -1           -1  0.099534904  0.099534904  -0.15709999 -0.034766122   0.16227192    0.2026296  0.011404036   -0.0114949   -0.0114949   0.29884363  0.078003119   0.12075271
          -1    1.3219281  -0.56788722  -0.50154487   -0.4074248  -0.26303325  -0.46948573  -0.43811962  -0.23581353  -0.43811962  -0.26303325  -0.29077996  -0.31906718  -0.26303325   -0.4074248
          -1           -1           -1    0.2223916   0.29884363   0.50653492   0.52256603   0.53841897   0.37144735    0.3890425   0.50653492   0.29884363   0.16227192   0.35363721   0.33560216
>242_7543047
11.46205613
 0.98601563  -2.4521041   1.5662864    1.484377  -1.5303424   1.1004115   1.3975358  -2.4521041
 -1.5303424  -1.5303424  -2.4521041  -1.5303424  -1.5303424  -2.4521041  -2.4521041   1.6437941
  0.2184107   1.7173493 -0.97243147 -0.97243147   1.5662864  0.57565467           0  -2.4521041
-0.97243147  -2.4521041  -1.5303424  -1.5303424  -1.5303424  -2.4521041  -2.4521041 -0.97243147
>1172_19561594
4.84132568
 -0.99999991  -0.99999991  -0.90837182  -0.99999991
   1.2640201  -0.99999991   0.93344898  -0.99999991
 -0.74091424    1.3219283 -0.060373033    1.3219283
 -0.99999991  -0.99999991  -0.74091424  -0.99999991
>662_1717938
11.4231037
  1.4574481 -0.96844123 -0.96844123  -2.1099037  -2.1099037   1.7246558  -2.1099037
-0.96844123  -2.1099037  -2.1099037  -2.1099037   1.7246558  -2.1099037   1.7246558
 -2.1099037  -2.1099037  -2.1099037   1.5972294  -2.1099037  -2.1099037  -2.1099037
-0.96844123   1.5972294   1.5972294 -0.96844123  -2.1099037  -2.1099037  -2.1099037
>637_11098054
7.3693752
-2.8569853 -2.8569853 -2.8569853 -2.8569853
-2.8569853 -2.8569853 -2.8569853 -2.8569853
 1.8423438  1.8423438 -2.8569853  1.8423438
-2.8569853 -2.8569853  1.8423438 -2.8569853
>221_12324455
14.934030799999999
  1.6196238   1.6196238  0.50038377   1.6196238   1.6196238  0.97627286  -1.6942419   1.6196238   1.6196238   1.6196238  -1.6942419
 -1.6942419  -1.6942419 -0.21456931  -1.6942419  -1.6942419  -1.6942419 -0.21456931  -1.6942419  -1.6942419  -1.6942419  -1.6942419
 -1.6942419  -1.6942419  -1.6942419  -1.6942419  -1.6942419  0.50038377  0.50038377  -1.6942419  -1.6942419  -1.6942419   1.6196238
 -1.6942419  -1.6942419  0.50038377  -1.6942419  -1.6942419  -1.6942419  0.50038377  -1.6942419  -1.6942419  -1.6942419  -1.6942419
>350_8846295
9.431675550000001
  -1.1265409   -2.2033739 -0.089606296   -2.2033739   -2.2033739    1.6358606     1.254037
 -0.51685056 -0.089606296   0.23959659   -2.2033739   -2.2033739   -1.1265409 -0.089606296
  0.92851236   -2.2033739   -2.2033739    1.7435633    1.7435633   -2.2033739   -2.2033739
-0.089606296    1.3928462   0.73329279   -2.2033739   -2.2033739   -2.2033739   -1.1265409
>680_9789075
18.090648509999998
-0.43179972 -0.43179972   1.0247837  -2.1583699   1.7346434  -2.1583699  -1.0508825  -2.1583699   1.7346434  -2.1583699  0.33189273  -1.0508825  -2.1583699
 -2.1583699           0  -2.1583699  -2.1583699  -2.1583699  -2.1583699  -2.1583699   1.7346434  -2.1583699  -2.1583699  0.33189273  0.82862408   1.4909013
  1.4909013   1.0247837   0.6015322   1.7346434  -2.1583699   1.7346434  -1.0508825  -2.1583699  -2.1583699  -2.1583699  -2.1583699   0.6015322  -2.1583699
 -2.1583699  -2.1583699  -2.1583699  -2.1583699  -2.1583699  -2.1583699   1.4909013  -2.1583699  -2.1583699   1.7346434  0.33189273  -2.1583699 -0.43179972
>1053_17318228
8.6696024
 -2.3975062 -0.20458149  -2.3975062   1.6963426   1.7841618
  1.8398719   -3.035135   1.8122857  -1.1171877   -3.035135
  -3.035135   -3.035135   -3.035135   -3.035135  -2.3975062
  -3.035135   1.5369404  -2.3975062  -2.3975062  -2.3975062
>1218_15351640
23.0
-3 -5  5 -1  0
-1  5 -1  5  3
-7 -7 -7 -7 -5
 5 -5 -3  5  0
>669_20071745
6.627989899999999
 -3.9817293  -3.9817293  -3.9817293  -3.9817293
 0.71131915  -3.6365657     1.92334 -0.32378257
 -3.9817293     1.92334  -3.6365657  -3.9817293
  1.1609888  -3.9817293  -3.9817293   1.6203211
>147_19457263
12.89315567
-0.4150375         -1         -1 -0.4150375          0         -1  1.3219281  1.3219281   1.169925 0.80735492 0.80735492 -0.4150375 -0.4150375          0          0          0
         0 0.32192809          1 -0.4150375 0.32192809         -1         -1         -1         -1         -1         -1 -0.4150375 -0.4150375          0 -0.4150375 0.32192809
-0.4150375 -0.4150375 -0.4150375 0.32192809         -1         -1         -1         -1         -1 -0.4150375         -1 -0.4150375 -0.4150375         -1         -1 -0.4150375
 0.5849625  0.5849625 -0.4150375 0.32192809 0.32192809  1.3219281         -1         -1 -0.4150375          0 0.32192809 0.80735492 0.80735492  0.5849625 0.80735492          0
>784_7972035
12.784642600000002
0.30649637  -1.786383  -1.786383  -1.786383  1.4097465 -0.3896792  -1.786383  -1.786383  -1.786383
 -1.786383  -1.786383 -0.3896792 0.30649637  -1.786383 -0.3896792  -1.786383  -1.786383  -1.786383
 -1.786383  -1.786383  -1.786383  -1.786383 -0.3896792  -1.786383  -1.786383  -1.786383  -1.786383
 1.1266448  1.6463038  1.4097465  1.1266448  -1.786383  1.1266448  1.6463038  1.6463038  1.6463038
>952_7543047
14.6525678
  1.0339473 -0.14438991  -2.0703893   1.7975071  -1.5849625   1.0339473  0.13124453   1.7574297 -0.14438991  -2.8073549
 -0.9328858  -2.8073549  -2.8073549  -2.0703893    1.716207  -2.8073549  -2.8073549  -2.0703893  -1.5849625   1.7975071
 -0.9328858   1.0339473   1.7574297  -2.8073549  -2.0703893  0.56187889    1.335603  -2.0703893   1.3890423  -2.8073549
-0.14438991 -0.14438991  -2.0703893  -2.8073549  -2.8073549  -1.5849625  -2.0703893  -2.8073549  -2.8073549  -2.0703893
>1169_19561594
5.110521769999999
   0.95669593    0.76918088      1.321928    -0.9392443    0.44383565    0.14032048   -0.28177219
  0.082893195   -0.62029484    -1.0000001   -0.48387598   -0.66879476 -0.0077769543    0.30004393
   -1.0000001    0.19555159    -1.0000001     1.1785169    0.42084335    0.11189389 -0.0077769543
   -1.0000001    -1.0000001    -1.0000001    -1.0000001   -0.57337248   -0.28177219  -0.071554731
>243_7543047
10.87135492
  1.5090976  -2.3570186  -2.3570186  -2.3570186  -2.3570186 -0.80106264  0.92561132
 -1.3787187   1.7716396  -2.3570186   1.6893222  -2.3570186   1.6020223  -1.3787187
 -1.3787187  -2.3570186   1.7716396  -1.3787187   1.6020223  -2.3570186  0.19159369
 -1.3787187  -2.3570186  -2.3570186  -2.3570186 -0.80106264  -2.3570186 -0.80106264
>948_10094314
16.113519150000002
-0.089606296   0.73329279   -2.2033739   -2.2033739    1.7435633   -2.2033739   -2.2033739    1.6358606   -2.2033739   -2.2033739   -2.2033739
  -2.2033739 -0.089606296   -2.2033739    1.7435633   -2.2033739   -2.2033739   -2.2033739   -2.2033739   -2.2033739   -2.2033739   0.50746056
    1.254037 -0.089606296    1.7435633   -2.2033739   -2.2033739    1.7435633   -2.2033739   -1.1265409    1.7435633   0.92851236    1.1004366
  -1.1265409   -1.1265409   -2.2033739   -2.2033739   -2.2033739   -2.2033739    1.7435633   -2.2033739   -2.2033739   0.73329279   -2.2033739
>946_10094314
15.990946640000002
 -2.2848053  0.92657524 -0.24974919  0.33905637  -2.2848053  -2.2848053  0.33905637  -2.2848053  -2.2848053 -0.66864001   1.6655827
 -2.2848053  -2.2848053  -2.2848053  -2.2848053   1.7588833   1.5658284  -1.2613402  -2.2848053   1.3428892  -1.2613402  -1.2613402
  1.7588833 -0.66864001  -2.2848053  -2.2848053  -2.2848053 -0.66864001  -2.2848053   1.7588833  -2.2848053  -2.2848053  -2.2848053
 -2.2848053  0.33905637   1.4586609   1.2170103  -2.2848053  -2.2848053   1.0790891  -2.2848053 0.074485972   1.4586609  -2.2848053
>24_7908267
8.7178165
 1.7435633  1.7435633  1.7435633  1.7435633  1.7435633
-2.2033739 -2.2033739 -2.2033739 -2.2033739 -2.2033739
-2.2033739 -2.2033739 -2.2033739 -2.2033739 -2.2033739
-2.2033739 -2.2033739 -2.2033739 -2.2033739 -2.2033739
>791_10094314
15.4011129
 -1.3611514  -2.6747239  -1.3611514  -1.8733323  -2.6747239  -2.6747239   1.7213737  -2.6747239   1.0937022 -0.43780063
 -2.6747239  -2.6747239  -2.6747239  -2.6747239   1.8197339    1.012841  -2.6747239  -2.6747239 -0.98392952  -1.8733323
-0.22669827   1.8197339  -2.6747239  -2.6747239  -2.6747239  0.73889156  -1.8733323   1.8197339  -1.8733323 -0.68517593
  1.3782491  -2.6747239   1.7213737   1.7713919  -2.6747239  -2.6747239  -1.8733323  -2.6747239  0.12067963   1.2429796
>1285_19304800
10.3039431
  1.3803793  -3.2009323  -3.2009323  -3.2009323   1.6722964   1.4660262
-0.52991478  -3.2009323  -3.2009323  -3.2009323  -2.2182455  -1.8998052
 -2.2182455   1.9351351   1.9351351  -3.2009323  -2.6274888  -1.0580295
 -1.2269807  -3.2009323  -3.2009323    1.914971  -1.8998052  -1.6391006
>23_7510636
9.895805799999998
-2.9737315  1.8552361 -2.9737315 -2.3106511 -1.0038719  1.0415126
-1.8580857 -2.9737315 -2.9737315 -2.9737315 -2.3106511 -2.9737315
-2.9737315 -2.9737315  1.8552361  1.8253122  1.5237543 -2.9737315
 1.7947545 -2.9737315 -2.9737315 -2.9737315 -1.2365467 0.75447848
>1004_8676391
29.50850716
-0.97243147 -0.97243147  -2.4521041   1.7173493   1.7873355   1.7873355 -0.97243147  -2.4521041  -2.4521041  -2.4521041  -2.4521041   1.7873355   1.7873355  -2.4521041  -2.4521041   1.7873355  -1.5303424  -2.4521041
  1.6437941    1.484377 -0.97243147  -1.5303424  -2.4521041  -2.4521041  -2.4521041   1.7873355   1.7873355   1.7873355  -2.4521041  -2.4521041  -2.4521041  -1.5303424  -2.4521041  -2.4521041 -0.25747839  -1.5303424
 -2.4521041  -1.5303424   1.6437941  -2.4521041  -2.4521041  -2.4521041  0.72578896  -2.4521041  -2.4521041  -2.4521041   1.7873355  -2.4521041  -2.4521041   1.7173493  -1.5303424  -2.4521041   1.2063992   1.5662864
 -2.4521041  -1.5303424  -2.4521041  -2.4521041  -2.4521041  -2.4521041  0.72578896  -2.4521041  -2.4521041  -2.4521041  -2.4521041  -2.4521041  -2.4521041  -2.4521041   1.7173493  -2.4521041 -0.97243147 -0.97243147
>1216_19457263
12.77029892
0.32192809          0 -0.4150375 -0.4150375 -0.4150375  0.5849625         -1         -1  1.3219281  1.3219281 -0.4150375 0.32192809 -0.4150375 0.80735492         -1 -0.4150375 -0.4150375
         0         -1  0.5849625  0.5849625         -1         -1 -0.4150375         -1         -1         -1 0.80735492          0         -1 -0.4150375         -1 0.32192809 0.32192809
-0.4150375 -0.4150375 0.32192809 -0.4150375 0.32192809 -0.4150375         -1         -1         -1         -1         -1         -1  0.5849625          0          0 0.32192809          0
         0 0.80735492         -1          0  0.5849625 0.32192809   1.169925  1.3219281         -1         -1          0 0.32192809 0.32192809         -1          1 -0.4150375          0