>RNCMPT00001
11.42863940852572
0.6611249434897758 	-5.0200702127324925 	1.966262557585119 	1.966262557585119 	-5.0200702127324925 	-5.0200702127324925 	0.3612344634078903 	
-1.2444951829709543 	-5.0200702127324925 	-5.0200702127324925 	-5.0200702127324925 	-5.0200702127324925 	-5.0200702127324925 	-0.7978273176945837 	
-1.2444951829709543 	-5.0200702127324925 	-5.0200702127324925 	-5.0200702127324925 	-5.0200702127324925 	-5.0200702127324925 	0.9362016771103485 	
0.6549612963608952 	1.966262557585119 	-5.0200702127324925 	-5.0200702127324925 	1.966262557585119 	1.966262557585119 	-2.140654577278149 	
>RNCMPT00168
12.078619411691108
0.3200643625058871 	-5.889072724038295 	-5.889072724038295 	1.9816256942405615 	-5.889072724038295 	-5.889072724038295 	0.3274014004232447 	
-2.2723642750555237 	-5.889072724038295 	1.9816256942405615 	-5.889072724038295 	-5.889072724038295 	-5.889072724038295 	0.9454425081218442 	
-2.2723642750555237 	1.9816256942405615 	-5.889072724038295 	-5.889072724038295 	-5.889072724038295 	1.9816256942405615 	-1.2872382678376546 	
1.225048432366456 	-5.889072724038295 	-5.889072724038295 	-5.889072724038295 	1.9816256942405615 	-5.889072724038295 	-1.2872382678376546 	
>RNCMPT00002
11.73974970324081
1.628918596616955 	-5.8599010074005555 	1.9812479260873448 	-5.8599010074005555 	-5.8599010074005555 	-0.12777953258113015 	0.7748537688461917 	
-1.7254871919641221 	-5.8599010074005555 	-5.8599010074005555 	1.9812479260873448 	-5.8599010074005555 	-1.2921049565709684 	-1.6563658564569124 	
-1.7254871919641221 	1.9812479260873448 	-5.8599010074005555 	-5.8599010074005555 	1.9812479260873448 	-5.8599010074005555 	-1.3258276469445274 	
-1.7254871919641221 	-5.8599010074005555 	-5.8599010074005555 	-5.8599010074005555 	-5.8599010074005555 	1.4109856334282824 	0.6533589297198532 	
>RNCMPT00004
10.977862195871072
-1.5553168124850572 	-4.260193540204727 	-4.260193540204727 	-4.260193540204727 	-4.260193540204727 	-4.260193540204727 	-1.5889932489618408 	
-1.5553168124850572 	-4.260193540204727 	-4.260193540204727 	-4.260193540204727 	-4.260193540204727 	-4.260193540204727 	-1.5889932489618408 	
-0.5067489849962962 	1.635200522742775 	-4.260193540204727 	1.6127321936525203 	-1.256582204788137 	1.4153239001665014 	0.08160064173578944 	
1.387189222228702 	-0.3413163195590115 	1.942398909410593 	-0.25614343877173 	1.7978819520515503 	0.296817911371087 	1.1871354956184288 	
>RNCMPT00166
11.750153250115899
-1.5740884983271666 	-4.626215793722583 	-4.626215793722583 	-4.626215793722583 	-4.626215793722583 	-4.626215793722583 	-2.128671919202521 	
-1.5740884983271666 	-4.626215793722583 	-4.626215793722583 	-4.626215793722583 	-4.626215793722583 	-4.626215793722583 	-2.128671919202521 	
-1.5740884983271666 	1.8159393920230944 	-4.626215793722583 	1.6278138315631663 	-1.3791684717210468 	1.5544517796980621 	-0.12759250466678176 	
1.5813195456464348 	-1.3286969238950186 	1.955507623887687 	-0.2713002605598928 	1.8215369602870244 	-0.026506426318054565 	1.393584117010428 	
>RNCMPT00187
10.593711146848033
-2.0510634895017272 	-4.2607713199989306 	-4.2607713199989306 	-4.2607713199989306 	-0.3036964618087953 	-4.2607713199989306 	-2.052345616163884 	
-2.0510634895017272 	-4.2607713199989306 	-4.2607713199989306 	-4.2607713199989306 	-4.2607713199989306 	-4.2607713199989306 	-2.052345616163884 	
-2.0510634895017272 	1.9424224323444867 	-4.2607713199989306 	1.7797092363521636 	0.6803370527128306 	0.935850225269561 	1.5494171643886108 	
1.7119712866104826 	-4.2607713199989306 	1.9424224323444867 	-1.1137226003870224 	0.6183766960831711 	0.9874315420949697 	-0.7591904362108023 	
>RNCMPT00156
11.408433548075882
-3.1114857554287965 	1.9775526820088014 	-5.602251287368073 	1.9775526820088014 	-5.602251287368073 	1.9775526820088014 	0.2678747446034472 	
-0.5659041578721348 	-5.602251287368073 	1.871071567383109 	-5.602251287368073 	-0.4409080218770313 	-5.602251287368073 	-0.44123007345821413 	
1.6290345895731604 	-5.602251287368073 	-1.7331818142327302 	-5.602251287368073 	1.6880276228020772 	-5.602251287368073 	-0.2535712611816576 	
-3.1114857554287965 	-5.602251287368073 	-5.602251287368073 	-5.602251287368073 	-5.602251287368073 	-5.602251287368073 	0.2876417222911317 	
>RNCMPT00012
11.727928676362227
-2.9266922967622744 	0.14989380774913325 	-1.261698457497345 	-4.80462431917643 	-4.80462431917643 	-4.80462431917643 	-2.9341346328942666 	
1.6710051739224359 	-0.19676762778445142 	-1.3782714713053181 	-4.80462431917643 	-4.80462431917643 	-4.80462431917643 	-2.9341346328942666 	
-2.9266922967622744 	-4.80462431917643 	-4.80462431917643 	-4.80462431917643 	-4.80462431917643 	-4.80462431917643 	-0.22178889388373138 	
-0.8556804009632963 	0.9871222045097029 	1.6610590748209353 	1.9607541761046734 	1.9607541761046734 	1.9607541761046734 	1.5264796947951311 	
>RNCMPT00158
12.159129525206708
-0.5581552653846256 	-1.3669167216037896 	-5.247216668669748 	-5.247216668669748 	-5.247216668669748 	-5.247216668669748 	-3.0333631211485446 	
0.8558912440379539 	-1.4424096175586547 	-5.247216668669748 	-5.247216668669748 	-5.247216668669748 	-5.247216668669748 	-3.0333631211485446 	
-0.6037575206118184 	-5.247216668669748 	-5.247216668669748 	-5.247216668669748 	-5.247216668669748 	-1.4648910070885277 	-3.0333631211485446 	
-0.2295250820777157 	1.6861643389993695 	1.9712266914461498 	1.9712266914461498 	1.9712266914461498 	1.842005142398387 	1.8613887254325503 	
>RNCMPT00013
11.162239875490979
-4.378241543497196 	1.947008597641026 	-1.2984071966464192 	-1.0888495258927058 	-0.30785583325764926 	1.4579531539940682 	0.4319666891989819 	
-4.378241543497196 	-4.378241543497196 	-4.378241543497196 	-4.378241543497196 	-4.378241543497196 	-4.378241543497196 	-2.079277906191614 	
-4.378241543497196 	-4.378241543497196 	1.8062222937129027 	1.423313379084169 	-1.333191441413492 	-1.3523890477721396 	1.1227806994237177 	
1.947008597641026 	-4.378241543497196 	-4.378241543497196 	-0.3223425266536593 	1.4579531539940682 	-0.2985168934465753 	-2.079277906191614 	
>RNCMPT00149
10.56948742178883
0.4584056499145421 	1.2262337169300095 	-3.6732310177291345 	1.9125874966961478 	-3.6732310177291345 	1.764045442957603 	-1.9358150535626348 	
0.8087992864252687 	-0.7833580060524908 	-1.0597982599223457 	-3.6732310177291345 	1.7708715296830484 	-3.6732310177291345 	-1.9358150535626348 	
-1.906756979353467 	-0.14217120397730987 	1.4017366365465513 	-3.6732310177291345 	-3.6732310177291345 	-1.1625157272074018 	1.6852133125502018 	
-0.7189647742257268 	-2.528836125343561 	-0.32243521754620136 	-3.6732310177291345 	-1.2154982446503575 	-3.6732310177291345 	-1.9358150535626348 	
>RNCMPT00150
11.277303363354577
-1.554468956608637 	-2.744910965241425 	-4.278795050314725 	-4.278795050314725 	-0.18780810242406473 	1.5189591014938268 	-0.27793602586461114 	
-1.554468956608637 	-2.744910965241425 	-4.278795050314725 	-4.278795050314725 	-2.766371420021739 	-2.766371420021739 	-1.2195402276031915 	
-1.554468956608637 	1.8288230663171903 	1.9431515487726543 	1.9431515487726543 	1.4998404446362852 	-0.2511766930107079 	-0.34245028970548297 	
1.5746530504560123 	-2.744910965241425 	-4.278795050314725 	-4.278795050314725 	-2.766371420021739 	-2.766371420021739 	0.9687246029059526 	
>RNCMPT00016
11.222562246895516
-1.1730414899065116 	-3.7694027947443574 	1.9183871513392874 	-3.7694027947443574 	1.6158111722729096 	0.9991353687868627 	-0.9024859207292567 	
-1.1730414899065116 	-3.7694027947443574 	-3.7694027947443574 	1.9183871513392874 	-3.7694027947443574 	-2.5923938221049316 	-2.5923938221049316 	
1.2047183487174868 	1.9183871513392874 	-3.7694027947443574 	-3.7694027947443574 	-0.34282432011133146 	0.7394830701713762 	1.6477359031003933 	
-0.30738259785008937 	-3.7694027947443574 	-3.7694027947443574 	-3.7694027947443574 	-3.7694027947443574 	-2.5923938221049316 	-2.5923938221049316 	
>RNCMPT00018
11.373641510507206
-0.43552182272753 	-0.6755489234731806 	-3.8866892889899702 	-3.8866892889899702 	-3.8866892889899702 	-3.8866892889899702 	-2.645362981609309 	
-0.5249820084900362 	-0.7345610215463049 	1.9249283233169117 	-3.8866892889899702 	1.9249283233169117 	-3.8866892889899702 	1.6626176471795533 	
-0.5297227165743398 	1.1060227608251838 	-3.8866892889899702 	1.9249283233169117 	-3.8866892889899702 	1.9249283233169117 	-2.645362981609309 	
0.9052878092348218 	-0.6887503830973103 	-3.8866892889899702 	-3.8866892889899702 	-3.8866892889899702 	-3.8866892889899702 	-0.9589540958794966 	
>RNCMPT00088
10.611787533584918
1.8219815492160687 	0.19067313800655317 	1.832190453561219 	-1.3148661897748446 	1.4779957338940657 	0.26580368115006353 	0.3870760012069178 	
-1.353852387436854 	-4.774198715333618 	-4.774198715333618 	-4.774198715333618 	-4.774198715333618 	-1.1036263888107547 	-0.7841706606259573 	
-4.774198715333618 	1.4779957338940657 	-1.4495411414665775 	1.817601995598529 	0.19067313800655317 	1.1989997647494643 	0.9850223026715048 	
-4.774198715333618 	-4.774198715333618 	-4.774198715333618 	-4.774198715333618 	-4.774198715333618 	-4.774198715333618 	-2.918876795913463 	
>RNCMPT00089
11.210803356672937
1.8524279073118375 	-0.46912993597068886 	1.9648369069981548 	-1.3705287422101797 	1.819915658791088 	1.0214124115074141 	1.0406849917246577 	
-2.947394181670039 	-4.961069004210418 	-4.961069004210418 	-4.961069004210418 	-4.961069004210418 	-1.281631662360083 	-0.8243816522942348 	
-2.947394181670039 	1.6840962410218494 	-4.961069004210418 	1.8274292393179337 	-1.3033476883231359 	0.6103787162289099 	0.32353427158964354 	
-2.947394181670039 	-4.961069004210418 	-4.961069004210418 	-4.961069004210418 	-4.961069004210418 	-4.961069004210418 	-2.980748352665099 	
>RNCMPT00090
11.773297671428118
1.8601538561357502 	-5.199104449159409 	1.9702408211517333 	-1.620609254539671 	1.9702408211517333 	1.0876079060238142 	1.0586808025067458 	
-3.0211747391115162 	-5.199104449159409 	-5.199104449159409 	-5.199104449159409 	-5.199104449159409 	0.18905231934870467 	-0.18666921450534432 	
-3.0211747391115162 	1.9702408211517333 	-5.199104449159409 	1.8561326433066079 	-5.199104449159409 	-0.49909578846450386 	-0.5293517993187903 	
-3.0211747391115162 	-5.199104449159409 	-5.199104449159409 	-5.199104449159409 	-5.199104449159409 	-5.199104449159409 	-1.5333418074594245 	
>RNCMPT00019
11.456079117636179
1.7356802373985476 	-1.3714954052205799 	1.9601646554680556 	-1.21262462736018 	1.8161343378008548 	1.2139813206483654 	1.100347366938025 	
-2.163515377167511 	-4.783407921980843 	-4.783407921980843 	-4.783407921980843 	-1.300405845555704 	-0.2626890894392125 	0.06666599965992667 	
-2.163515377167511 	1.824110180881716 	-4.783407921980843 	1.8056610185006148 	-4.783407921980843 	-0.30331910344649143 	-0.7797164695518419 	
-2.163515377167511 	-4.783407921980843 	-4.783407921980843 	-4.783407921980843 	-4.783407921980843 	-4.783407921980843 	-2.144571562839398 	
>RNCMPT00161
12.328857761714954
1.2500320888942194 	1.8212507705983223 	-4.001911318683292 	-4.001911318683292 	1.785760183268895 	-1.2271363323764826 	1.231206808724006 	1.2829360227074675 	
-0.8876042220843279 	-2.686171916489576 	0.5958956430898836 	-4.001911318683292 	-4.001911318683292 	1.785760183268895 	-4.001911318683292 	-0.9372674241519737 	
-0.8876042220843279 	-2.686171916489576 	-4.001911318683292 	1.9308312661722815 	-1.2271363323764826 	-4.001911318683292 	0.6112031851984181 	-0.9372674241519737 	
-0.8876042220843279 	-2.686171916489576 	1.2410804380808673 	-4.001911318683292 	-4.001911318683292 	-4.001911318683292 	-4.001911318683292 	-0.9372674241519737 	
>RNCMPT00020
10.538212252813091
-0.4884833652171838 	-3.740109054639579 	1.9166637888513423 	-3.740109054639579 	0.641655901570484 	0.9035152687657549 	-0.0821211532747201 	
-1.5182907609254854 	-3.740109054639579 	-3.740109054639579 	1.9166637888513423 	-3.740109054639579 	-3.740109054639579 	-2.5801026296220764 	
1.1633844936509112 	1.9166637888513423 	-3.740109054639579 	-3.740109054639579 	1.1954784244899372 	0.9852877268239317 	1.4440702412942845 	
-0.5180727023384937 	-3.740109054639579 	-3.740109054639579 	-3.740109054639579 	-3.740109054639579 	-3.740109054639579 	-2.5801026296220764 	
>RNCMPT00021
11.493817356226923
1.5702026666942337 	-2.856914265670593 	-4.5154501437158885 	1.9518972459755743 	-4.5154501437158885 	0.3145847672296222 	1.2825827294600238 	
-2.103389010667617 	-2.856914265670593 	-4.5154501437158885 	-4.5154501437158885 	-4.5154501437158885 	-4.5154501437158885 	-4.5154501437158885 	
-2.103389010667617 	1.8423355804665438 	1.9518972459755743 	-4.5154501437158885 	-4.5154501437158885 	0.9430046416793977 	0.16913187561318865 	
-0.8233865813523382 	-2.856914265670593 	-4.5154501437158885 	-4.5154501437158885 	1.9518972459755743 	-0.33990217313573307 	-1.3249830166752958 	
>RNCMPT00022
11.475964844034879
0.10149578247388034 	-4.701512226719658 	1.9578036152954161 	-4.701512226719658 	-4.701512226719658 	-4.701512226719658 	1.241454195273171 	
-1.591938541337386 	-4.701512226719658 	-4.701512226719658 	-4.701512226719658 	-4.701512226719658 	-4.701512226719658 	-1.265943453030817 	
0.12241241961899049 	-4.701512226719658 	-4.701512226719658 	1.9578036152954161 	1.9578036152954161 	1.8117740073315665 	-1.265943453030817 	
0.5915221802484757 	1.9578036152954161 	-4.701512226719658 	-4.701512226719658 	-4.701512226719658 	-1.2778946076563151 	-0.3147721482248559 	
>RNCMPT00023
11.209079319768968
-0.49029246720245095 	-4.254331790025934 	1.9421596194532142 	-4.254331790025934 	-4.254331790025934 	-2.777087228180274 	0.8575304050173591 	
-1.537329400880995 	-4.254331790025934 	-4.254331790025934 	-4.254331790025934 	-4.254331790025934 	-2.777087228180274 	-1.5945907944313702 	
0.09632560790618924 	-4.254331790025934 	-4.254331790025934 	1.9421596194532142 	1.9421596194532142 	1.6763666004458806 	-1.5945907944313702 	
0.9065438364928705 	1.9421596194532142 	-4.254331790025934 	-4.254331790025934 	-4.254331790025934 	-0.9657607223459741 	0.6095977493321056 	
>RNCMPT00024
11.217306566768947
0.23284281935954168 	-2.101887221244963 	1.9524986176238075 	-4.533300948208321 	-4.533300948208321 	-4.533300948208321 	1.3990537116792163 	
-1.2284858389526239 	-2.101887221244963 	-4.533300948208321 	-4.533300948208321 	-4.533300948208321 	-4.533300948208321 	-1.6014627579544782 	
0.238087342770166 	-2.101887221244963 	-4.533300948208321 	1.9524986176238075 	1.9524986176238075 	1.9524986176238075 	-1.6014627579544782 	
0.28529404217937476 	1.7229643424151269 	-4.533300948208321 	-4.533300948208321 	-4.533300948208321 	-4.533300948208321 	-0.507112672920387 	
>RNCMPT00025
12.116276332326015
1.1783907625550465 	-5.344464671169132 	-5.344464671169132 	-5.344464671169132 	-5.344464671169132 	-5.344464671169132 	-2.195798631966731 	
-0.43767996648957563 	-5.344464671169132 	-5.344464671169132 	-5.344464671169132 	-5.344464671169132 	-5.344464671169132 	-0.7609794677477505 	
-1.6376665536257737 	-5.344464671169132 	-5.344464671169132 	-5.344464671169132 	-5.344464671169132 	-5.344464671169132 	0.12283065655868296 	
-0.5626415878551875 	1.9731198806980852 	1.9731198806980852 	1.9731198806980852 	1.9731198806980852 	1.9731198806980852 	1.0722861662805419 	
>RNCMPT00167
12.160285015388485
1.111015554621343 	-5.556785186283612 	-5.556785186283612 	-5.556785186283612 	-5.556785186283612 	-5.556785186283612 	-2.2313292102758053 	
-0.4720476808935268 	-5.556785186283612 	-5.556785186283612 	-5.556785186283612 	-5.556785186283612 	-5.556785186283612 	-0.9310752112853439 	
-1.6483667484642017 	-5.556785186283612 	-5.556785186283612 	-5.556785186283612 	-5.556785186283612 	-5.556785186283612 	0.028623458882936763 	
-0.32178042686339875 	1.9768281947493245 	1.9768281947493245 	1.9768281947493245 	1.9768281947493245 	1.9768281947493245 	1.165128487020521 	
>RNCMPT00160
11.67069353106555
-2.1649388358404105 	-3.0837631032540305 	-1.334967330382375 	1.6055815681402903 	-5.422397187060043 	-5.422397187060043 	-0.8690831302262308 	
-1.0480554494386185 	-1.4457842780893186 	-1.842297850412183 	-1.842297850412183 	-1.842297850412183 	-1.842297850412183 	-0.8757791235221288 	
1.6184253271315607 	1.7642651082340242 	1.723079459566245 	-1.8285999800178165 	1.699899050659133 	1.8775425584819698 	1.3819004588523285 	
-2.1649388358404105 	-3.0837631032540305 	-5.422397187060043 	-1.334967330382375 	-1.155141145350825 	-5.422397187060043 	-1.730098652485035 	
>RNCMPT00026
10.667440121945255
-1.1869902641830183 	-1.2074916204239639 	1.7757360230654673 	1.2473000300950556 	0.3231317644227094 	-1.9595951147474824 	-1.5055352978303849 	
1.7757360230654673 	1.613264458432092 	-3.8713873634728904 	-3.8713873634728904 	1.006966651101794 	1.6909525789406799 	1.5574843572446992 	
-3.8713873634728904 	-3.8713873634728904 	-3.8713873634728904 	-1.2773848771549035 	-2.608465381090473 	-1.9595951147474824 	-1.5055352978303849 	
-3.8713873634728904 	-1.1869902641830183 	-1.1869902641830183 	0.1955523186502176 	-0.7976087147294263 	-1.9595951147474824 	-1.5055352978303849 	
>RNCMPT00091
10.575595773943695
1.9126524543196781 	-3.674271460570896 	1.9126524543196781 	-1.1542503128774346 	0.9323591681727842 	1.610511878272901 	0.5317645493867915 	
-3.674271460570896 	1.9126524543196781 	-3.674271460570896 	1.7630028151521848 	-1.1542503128774346 	-1.2226245844397747 	0.11575562087760823 	
-3.674271460570896 	-3.674271460570896 	-3.674271460570896 	-3.674271460570896 	0.6452175937163342 	-1.1858523239219172 	0.14902331905715935 	
-3.674271460570896 	-3.674271460570896 	-3.674271460570896 	-3.674271460570896 	-3.674271460570896 	-3.674271460570896 	-1.466166705043452 	
>RNCMPT00027
11.227972975731024
1.5608381607643382 	-0.385091865447641 	1.9510784862522141 	-1.1807142444843437 	1.8223276092143483 	0.13239908177058063 	1.5187665628407627 	
-0.7682216195409964 	1.4564366995875866 	-4.491507769990857 	1.4254034054089348 	-4.491507769990857 	1.4931220516628394 	-0.2244818618841097 	
-2.112140097842434 	-4.491507769990857 	-4.491507769990857 	-4.491507769990857 	-4.491507769990857 	-4.491507769990857 	-2.8435358560408 	
-2.112140097842434 	-1.1664459120448556 	-4.491507769990857 	-0.27139866370990623 	-1.416666887751141 	-4.491507769990857 	-2.8435358560408 	
>RNCMPT00178
11.85470839838662
1.3705821819721662 	-4.638487509779818 	1.9558902845988504 	-0.43059371497601406 	1.602983027951278 	-4.638487509779818 	1.9558902845988504 	
-2.1265440933402546 	1.9558902845988504 	-4.638487509779818 	1.0575820500677757 	-4.638487509779818 	1.9558902845988504 	-4.638487509779818 	
-0.06455603234583075 	-4.638487509779818 	-4.638487509779818 	-1.4358817587240034 	-0.1811591231203846 	-4.638487509779818 	-4.638487509779818 	
-2.1265440933402546 	-4.638487509779818 	-4.638487509779818 	-0.3093905577857129 	-4.638487509779818 	-4.638487509779818 	-4.638487509779818 	
>RNCMPT00112
11.79251042669356
-2.0997702034332546 	-2.0997702034332546 	-0.13059051568514632 	-1.1007789408451114 	-4.497864272409968 	-4.497864272409968 	-2.1109126806182443 	
-2.0997702034332546 	-2.0997702034332546 	-4.497864272409968 	-4.497864272409968 	-4.497864272409968 	-4.497864272409968 	-2.1109126806182443 	
-2.0997702034332546 	-2.0997702034332546 	-1.3439328970397915 	1.6211764860844757 	-0.35127108334500295 	-4.497864272409968 	-2.1109126806182443 	
1.7225157699523088 	1.7225157699523088 	1.4050870521758376 	-1.2750259640269839 	1.6450502804853904 	1.95129723953901 	1.7248678285042298 	
>RNCMPT00117
11.43043585712606
-2.9125156260024623 	-2.9125156260024623 	-0.8354183292141126 	-0.39660941856111587 	-4.754053196222074 	-4.754053196222074 	-2.123759889557682 	
-2.9125156260024623 	-2.9125156260024623 	-4.754053196222074 	-1.3342819945971187 	-4.754053196222074 	-1.3523631026307346 	-2.123759889557682 	
-2.9125156260024623 	-2.9125156260024623 	-1.3644837510063792 	1.2940290728309702 	0.22841786484912013 	-4.754053196222074 	-0.7766194004249442 	
1.8486205561262619 	1.8486205561262619 	1.5917500906517859 	-1.3523631026307346 	1.4617033216507522 	1.821397188136585 	1.5643150716034444 	
>RNCMPT00274
12.014887006638412
-4.659852107953695 	-4.659852107953695 	-1.2211109218443759 	-1.3791756617005932 	-4.659852107953695 	-4.659852107953695 	-4.659852107953695 	
-1.1370687906296553 	-4.659852107953695 	-4.659852107953695 	-4.659852107953695 	-4.659852107953695 	-1.313399833504132 	-1.2728047271083793 	
-1.2203959069833454 	-4.659852107953695 	-4.659852107953695 	-1.3738654217435406 	-1.3952246734322633 	-1.3952246734322633 	-0.3554445614172205 	
1.6213339227609314 	1.9565485569525687 	1.8040245658647038 	1.6736227342203764 	1.824033238012748 	1.6680664825028553 	1.4672575063242312 	
>RNCMPT00032
11.905208866332083
-5.269896559520702 	-5.269896559520702 	1.1014813941392243 	-1.5076997155783607 	-5.269896559520702 	-5.269896559520702 	-2.134158482159303 	
-5.269896559520702 	-5.269896559520702 	-5.269896559520702 	-5.269896559520702 	-5.269896559520702 	-5.269896559520702 	-0.7985699491578369 	
-5.269896559520702 	-5.269896559520702 	-0.49598125621382744 	-0.429309572390716 	-5.269896559520702 	-5.269896559520702 	-0.7993710004929778 	
1.9716799224091606 	1.9716799224091606 	0.16253693673863703 	1.5259652805003068 	1.9716799224091606 	1.9716799224091606 	1.3910425020559103 	
>RNCMPT00136
11.607574528804154
-0.24635282760518007 	-4.866337128041351 	-0.9110831348782681 	0.2322326823234492 	-4.866337128041351 	-4.866337128041351 	-2.93834877407937 	
-2.9392412140903996 	-4.866337128041351 	-4.866337128041351 	-4.866337128041351 	-4.866337128041351 	-4.866337128041351 	-2.93834877407937 	
-2.9392412140903996 	-4.866337128041351 	1.2243875393608228 	1.2540948788352941 	-1.3076859176662416 	-4.866337128041351 	-2.93834877407937 	
1.5341719566029661 	1.9624191568696692 	0.1340478725733301 	-1.3008379088841928 	1.818631548552648 	1.9624191568696692 	1.8514502917130837 	
>RNCMPT00033
10.143726893801206
1.1751598513410253 	0.6772884165762472 	1.927566671443872 	1.0201321341462317 	1.2556419930746576 	-1.193609204128997 	1.927566671443872 	
-0.5013519837029202 	1.0585207024058554 	-3.936996742690309 	-0.32764381209958776 	-1.193609204128997 	1.7791388699456918 	-3.936996742690309 	
-0.5396921801581642 	-2.65256610559882 	-3.936996742690309 	-3.936996742690309 	-3.936996742690309 	-3.936996742690309 	-3.936996742690309 	
-1.5250857983501926 	-2.65256610559882 	-3.936996742690309 	0.1502588667249145 	0.1502588667249145 	-3.936996742690309 	-3.936996742690309 	
>RNCMPT00172
9.373763304404331
1.5127654049150911 	0.6646449600446589 	1.6504243607303786 	0.6322814096808765 	1.2041203674484195 	-0.32647683606700334 	1.7880780383582164 	
-0.6338603698906777 	0.9641888253224803 	-1.3332080553089118 	0.2534329506958051 	-1.1907109412743393 	1.6219048979488688 	-1.2455464536747503 	
-1.9942828895665101 	-4.0033872555046 	-4.0033872555046 	-4.0033872555046 	-4.0033872555046 	-4.0033872555046 	-4.0033872555046 	
-1.9942828895665101 	-1.3165201546058958 	-1.3165201546058958 	0.2577253467781215 	0.2577253467781215 	-4.0033872555046 	-4.0033872555046 	
>RNCMPT00169
11.797798030043914
1.6756618406893717 	-4.680951699928617 	1.8224734964378868 	1.9571888710050862 	1.8130325966518632 	1.8470971964507905 	0.1954937330039224 	
-2.8802214154011474 	-4.680951699928617 	-4.680951699928617 	-4.680951699928617 	-4.680951699928617 	-2.8988183415197293 	-0.3520137685296113 	
-2.8802214154011474 	-4.680951699928617 	-4.680951699928617 	-4.680951699928617 	-4.680951699928617 	-2.8988183415197293 	0.7251551578038293 	
-0.9059011964831039 	1.9571888710050862 	-1.37647000135899 	-4.680951699928617 	-1.2925475249024863 	-2.8988183415197293 	-1.257335294103133 	
>RNCMPT00185
10.991099156819525
0.515232471858981 	1.7967131037967254 	-4.426010398565838 	1.6490219095719931 	1.9487654743405982 	1.8073039734761709 	1.0478986750389734 	
-1.6011233039194255 	-1.2086191612998671 	-1.291114071220172 	-4.426010398565838 	-4.426010398565838 	-4.426010398565838 	0.350760997920431 	
0.9347317095518207 	-4.426010398565838 	-4.426010398565838 	-4.426010398565838 	-4.426010398565838 	-4.426010398565838 	-2.7878002499160996 	
-1.6011233039194255 	-4.426010398565838 	1.806664311043243 	-0.37566346910289444 	-4.426010398565838 	-1.2966018560268073 	-0.9645338494418262 	
>RNCMPT00034
12.304707712715194
-0.23648151800510683 	1.9557081550556912 	-4.632633191535379 	1.9557081550556912 	1.9557081550556912 	1.9557081550556912 	-0.24318738957454425 	-0.09710784187482385 	
-0.951398145045146 	-4.632633191535379 	-4.632633191535379 	-4.632633191535379 	-4.632633191535379 	-4.632633191535379 	1.084374494625175 	0.3318312523999309 	
1.081970154774247 	-4.632633191535379 	-4.632633191535379 	-4.632633191535379 	-4.632633191535379 	-4.632633191535379 	-0.15841820237799933 	0.3598222880373167 	
-0.951398145045146 	-4.632633191535379 	1.9557081550556912 	-4.632633191535379 	-4.632633191535379 	-4.632633191535379 	-2.8503713121702163 	-0.9345188808248768 	
>RNCMPT00036
11.02255905750756
0.2821703703643475 	-2.6705671757053207 	-2.6705671757053207 	1.81917980642495 	-4.010094216723733 	1.4760264177502382 	1.5258729362837111 	
0.6318883189995486 	-2.6705671757053207 	-2.6705671757053207 	-2.6705671757053207 	-4.010094216723733 	-2.6705671757053207 	-1.9987737281496512 	
-1.1928633016073407 	1.81917980642495 	1.81917980642495 	-2.6705671757053207 	1.931231965199211 	-2.6705671757053207 	-0.6897393563293192 	
-0.3274364051868681 	-2.6705671757053207 	-2.6705671757053207 	-2.6705671757053207 	-4.010094216723733 	-0.1455171250908669 	-1.9987737281496512 	
>RNCMPT00162
10.637887946344332
-1.1570126687910427 	-2.0164945100202223 	-1.3955638658395515 	1.799180369029982 	-4.052785802530174 	-4.052785802530174 	0.8300496498638495 	
1.2037639223691712 	-0.7741287715580727 	-1.3245763787751472 	-1.3245763787751472 	-1.3245763787751472 	-1.3245763787751472 	-0.7904182428094283 	
-1.1570126687910427 	1.546433885646404 	1.6600993813749638 	-4.052785802530174 	1.799180369029982 	1.799180369029982 	0.4851114407025496 	
-0.3224306048051335 	-2.0164945100202223 	-4.052785802530174 	-4.052785802530174 	-4.052785802530174 	-4.052785802530174 	-2.0327839812715847 	
>RNCMPT00037
11.599105787371899
0.8746182209470199 	1.7909936657751482 	-1.3125265581858296 	-3.862092879965348 	-3.862092879965348 	-3.862092879965348 	-0.49677198616084106 	
0.554628103491518 	-3.862092879965348 	-3.862092879965348 	1.9236026632324195 	-3.862092879965348 	-3.862092879965348 	-1.5082853356829862 	
-1.5193476554428293 	-3.862092879965348 	-3.862092879965348 	-3.862092879965348 	-3.862092879965348 	-3.862092879965348 	1.3719779412824182 	
-1.5193476554428293 	-1.3149840033077933 	1.7907079696700559 	-3.862092879965348 	1.9236026632324195 	1.9236026632324195 	-1.5082853356829862 	
>RNCMPT00038
11.134701601642282
0.33593063031476644 	-4.857776068129967 	-4.857776068129967 	-4.857776068129967 	-4.857776068129967 	-1.1131858753663955 	-2.1485117373283433 	
-0.3940924185776159 	-1.0782530395572427 	1.7896970024200827 	-4.857776068129967 	-4.857776068129967 	-2.9235821169972884 	1.5838808786989045 	
-0.23781867027018136 	1.7896970024200827 	-4.857776068129967 	-4.857776068129967 	-4.857776068129967 	1.711111042659173 	-0.8594621240225468 	
0.174808014728477 	-4.857776068129967 	-1.0782530395572427 	1.9621925225646364 	1.9621925225646364 	-2.9235821169972884 	-2.1485117373283433 	
>RNCMPT00041
10.885876965521287
-2.123035572733777 	1.9534774727189066 	-4.56285424143636 	-1.0105573192408879 	0.8044879129812927 	1.1615098695093313 	-0.8556262320249979 	
-2.123035572733777 	-4.56285424143636 	-4.56285424143636 	-1.2680827199151536 	-4.56285424143636 	-2.8741943390492746 	-2.1343586121525493 	
-2.123035572733777 	-4.56285424143636 	1.9534774727189066 	-1.1080237277511094 	-4.56285424143636 	0.5756092281234042 	1.5810316725154907 	
1.727402021156065 	-4.56285424143636 	-4.56285424143636 	1.392045472544596 	1.1169329843579932 	-2.8741943390492746 	-2.1343586121525493 	
>RNCMPT00176
10.692410282490243
-2.854756240314209 	1.9514693302824857 	-4.502885653071018 	-1.1751650509790554 	0.5321426597062001 	1.172703931064006 	-1.2865867601657601 	
-2.854756240314209 	-4.502885653071018 	-4.502885653071018 	-1.312266203401007 	-4.502885653071018 	-2.114629460828542 	-1.2865867601657601 	
-2.854756240314209 	-4.502885653071018 	1.9514693302824857 	-0.306765938765033 	-1.307933110608372 	0.360479014836275 	1.470011430837883 	
1.8420861651711915 	-4.502885653071018 	-4.502885653071018 	1.2302196450926128 	1.0744504497595795 	-2.114629460828542 	-1.2865867601657601 	
>RNCMPT00155
11.6258558879699
1.5994723168089997 	0.38361203233748337 	1.9626277613001186 	1.9626277613001186 	1.9626277613001186 	1.628274147074802 	1.4589888673388833 	
-1.6293886228605143 	-1.0227725283163687 	-4.874263982427389 	-4.874263982427389 	-4.874263982427389 	-1.0595715360443962 	-0.2963809152798703 	
-1.6293886228605143 	1.051237272846859 	-4.874263982427389 	-4.874263982427389 	-4.874263982427389 	-1.3411711412386893 	-4.874263982427389 	
-1.6293886228605143 	-2.9332424019247747 	-4.874263982427389 	-4.874263982427389 	-4.874263982427389 	-4.874263982427389 	-1.3130987495169153 	
>RNCMPT00153
11.79925159114252
0.07982436542434405 	1.9485390349078395 	1.9485390349078395 	1.9485390349078395 	1.9485390349078395 	-1.3928912284790633 	0.39866782962042474 	
-1.5938967968961562 	-4.419760722528739 	-4.419760722528739 	-4.419760722528739 	-4.419760722528739 	1.6791651434824033 	1.1365423570486453 	
1.1893879509801129 	-4.419760722528739 	-4.419760722528739 	-4.419760722528739 	-4.419760722528739 	-4.419760722528739 	-2.049381756887192 	
-1.5938967968961562 	-4.419760722528739 	-4.419760722528739 	-4.419760722528739 	-4.419760722528739 	-1.434202021610935 	-2.049381756887192 	
>RNCMPT00043
12.098718202975036
1.6386523770819688 	1.6616817338646677 	1.9651413228502277 	1.9651413228502277 	1.9651413228502277 	1.4536211909877075 	1.4493389324900094 	
-1.2781654479893343 	-1.2669919952934399 	-4.973461694910645 	-4.973461694910645 	-4.973461694910645 	-1.1711515514504895 	-1.2543019862850864 	
-1.1775490519811411 	-1.362924282898878 	-4.973461694910645 	-4.973461694910645 	-4.973461694910645 	-1.268788322156157 	-0.2895722920113821 	
-4.973461694910645 	-4.973461694910645 	-4.973461694910645 	-4.973461694910645 	-4.973461694910645 	-1.314810258246562 	-4.973461694910645 	
>RNCMPT00171
11.322127406322096
1.5944406464305227 	-0.3115361957251378 	1.9411471833413656 	1.9411471833413656 	1.9411471833413656 	0.892128918234665 	-1.1705654625423654 	
-1.6137763447850748 	-2.772241937473711 	-4.229799851072344 	-4.229799851072344 	-4.229799851072344 	-1.1626187010230091 	-0.4699841687844976 	
-1.6137763447850748 	1.5367806532223998 	-4.229799851072344 	-4.229799851072344 	-4.229799851072344 	-0.34910695014378584 	-4.229799851072344 	
-1.6137763447850748 	-2.772241937473711 	-4.229799851072344 	-4.229799851072344 	-4.229799851072344 	-0.1323939451808814 	1.4753356384104122 	
>RNCMPT00157
11.14773772445739
1.9629695566863252 	0.17931203032298082 	1.9629695566863252 	1.9629695566863252 	-0.36766237206243557 	1.9629695566863252 	-0.15279903218870067 	
-4.88734906597573 	-4.88734906597573 	-4.88734906597573 	-4.88734906597573 	-1.387201206599137 	-4.88734906597573 	0.32040189200928876 	
-4.88734906597573 	1.4854682436889917 	-4.88734906597573 	-4.88734906597573 	1.4899893620138087 	-4.88734906597573 	-0.1462981463103337 	
-4.88734906597573 	-4.88734906597573 	-4.88734906597573 	-4.88734906597573 	-4.88734906597573 	-4.88734906597573 	-0.07665746943328389 	
>RNCMPT00186
10.567066720045345
-2.0403276318812202 	-1.2933125862018642 	0.21923226446896815 	0.5801275428526711 	0.6221758213649607 	-4.091272504661019 	-4.091272504661019 	
1.7095881505794959 	1.7968676983627647 	-1.1843645047909936 	-4.091272504661019 	-0.38408188826153106 	1.9350805590043194 	1.9350805590043194 	
-2.0403276318812202 	-4.091272504661019 	-4.091272504661019 	-4.091272504661019 	-4.091272504661019 	-4.091272504661019 	-4.091272504661019 	
-2.0403276318812202 	-4.091272504661019 	1.2247807886684232 	1.2556105773441186 	0.7100583870819042 	-4.091272504661019 	-4.091272504661019 	
>RNCMPT00044
10.539041981658945
-2.4322360790980784 	-3.3721634133277525 	-3.3721634133277525 	-1.2429885396434412 	-1.2103810830186656 	-3.3721634133277525 	-0.6623042621022582 	
1.6402360841020778 	1.6109136618248012 	0.3165344988654679 	0.3165344988654679 	1.5556658024302776 	1.891522745376522 	1.3230542893534774 	
-2.4322360790980784 	-3.3721634133277525 	-3.3721634133277525 	-3.3721634133277525 	-3.3721634133277525 	-3.3721634133277525 	-1.8770308452743196 	
-0.9650082584891184 	-0.4104435850296362 	1.3569937733336108 	1.1606556252381783 	-0.9116575314648204 	-3.3721634133277525 	-0.7516206981378227 	
>RNCMPT00045
10.23992999562696
-1.5233966274082433 	-3.7558657985315174 	-3.7558657985315174 	-3.7558657985315174 	-3.7558657985315174 	-3.7558657985315174 	-1.9443694707782164 	
0.5294427502615286 	1.1956656162872898 	-0.27998887430424435 	1.9175953578867113 	-1.188214430316842 	1.7770197559594414 	0.44402164712532305 	
0.8959978149820454 	0.24904378811518332 	1.5985342821794812 	-3.7558657985315174 	1.7710854694263942 	-1.2352207224324543 	1.0840316989055967 	
-1.5233966274082433 	-1.1614851370299817 	-3.7558657985315174 	-3.7558657985315174 	-3.7558657985315174 	-3.7558657985315174 	-1.9443694707782164 	
>RNCMPT00177
9.407468688426817
-1.4990548548968703 	-2.5500788600758573 	0.9507434231239763 	-0.3672621043893563 	-1.0388244080787825 	-2.5758131946576164 	-1.5191147315004847 	
-1.4990548548968703 	-2.5500788600758573 	-3.7050987783368043 	-3.7050987783368043 	-3.7050987783368043 	-2.5758131946576164 	-1.5191147315004847 	
1.3645304949949808 	-0.8940831963276863 	0.6448146881957721 	1.444893347722758 	-1.2279689220634489 	1.2433936146096323 	0.0677663319807719 	
-0.47893986403168803 	1.6417400176487102 	-1.2279689220634489 	-1.2322754175911386 	1.5896115060617597 	0.37517637014136496 	1.1725562842650012 	
>RNCMPT00269
10.855874727053456
0.9499044009996187 	-4.00183367179035 	-4.00183367179035 	-1.234653491143846 	-1.234653491143846 	-2.6866785914986817 	-1.9999493833452222 	
-0.2404581395246315 	1.4231196948489968 	-4.00183367179035 	-4.00183367179035 	-4.00183367179035 	1.4671227401667553 	-0.6240144867195372 	
-1.2099219123509448 	-4.00183367179035 	-4.00183367179035 	-4.00183367179035 	-4.00183367179035 	-2.6866785914986817 	-1.9999493833452222 	
-0.3410127581355356 	0.25521198967655173 	1.930827454258261 	1.7866859372742534 	1.7866859372742534 	-0.1130064946934109 	1.511528562231317 	
>RNCMPT00268
11.204252199520386
-0.04592041162379349 	-2.6937833369418307 	-4.0302597918671985 	-4.0302597918671985 	-4.0302597918671985 	-4.0302597918671985 	-2.0096997827530196 	
1.1077087942430062 	-0.1918174662884805 	-4.0302597918671985 	-4.0302597918671985 	-1.1953193899398669 	1.4343934176379745 	-0.6614723504799296 	
-2.01147668412781 	-2.6937833369418307 	-4.0302597918671985 	-4.0302597918671985 	-4.0302597918671985 	-4.0302597918671985 	-2.0096997827530196 	
-0.6705250063226732 	1.49333102909703 	1.9322092707409924 	1.9322092707409924 	1.7827879505127049 	0.23254953123210859 	1.521612466547687 	
>RNCMPT00047
11.894218487849903
1.721328885482398 	-4.089435290033171 	-4.089435290033171 	1.9349959394515897 	1.9349959394515897 	-4.089435290033171 	0.7177291509973476 	
-2.094186930442045 	1.9349959394515897 	-4.089435290033171 	-4.089435290033171 	-4.089435290033171 	1.7151766935637998 	0.28674903979407507 	
-2.094186930442045 	-4.089435290033171 	-4.089435290033171 	-4.089435290033171 	-4.089435290033171 	-4.089435290033171 	-0.5307746322374239 	
-2.094186930442045 	-4.089435290033171 	1.9349959394515897 	-4.089435290033171 	-4.089435290033171 	-0.739022589882345 	-1.1735230106745254 	
>RNCMPT00159
12.435748939062666
-1.0538130180216188 	-5.369616224414082 	-5.369616224414082 	-5.369616224414082 	-5.369616224414082 	-5.369616224414082 	-1.6719681029136644 	
-3.0414934256697843 	-5.369616224414082 	-5.369616224414082 	-5.369616224414082 	-5.369616224414082 	-1.4215221816432237 	-0.5223993687864517 	
-3.0414934256697843 	-5.369616224414082 	-5.369616224414082 	-5.369616224414082 	-5.369616224414082 	-1.3935305975919046 	1.1418304995725341 	
1.7116686668362675 	1.9735887152979905 	1.9735887152979905 	1.9735887152979905 	1.9735887152979905 	1.687894911461903 	-0.3522639200359828 	
>RNCMPT00184
11.31933501889144
0.9162593667746857 	-4.78582563406534 	0.22700607018284555 	-4.78582563406534 	-4.78582563406534 	-4.78582563406534 	1.0989980788987244 	
-1.6213340470224862 	-4.78582563406534 	-4.78582563406534 	-4.78582563406534 	-4.78582563406534 	-4.78582563406534 	-2.124646480906325 	
-1.6213340470224862 	1.9602322868157396 	-4.78582563406534 	1.9602322868157396 	-4.78582563406534 	1.9602322868157396 	-0.6662364410649079 	
0.5486484112028069 	-4.78582563406534 	1.4631484259550713 	-4.78582563406534 	1.9602322868157396 	-4.78582563406534 	-0.0021864574584714498 	
>RNCMPT00049
11.113740711869008
-1.640033461027529 	1.0368274506898605 	-4.356926337511108 	-4.356926337511108 	1.9462049803227028 	-4.356926337511108 	0.6892313024188 	
-1.640033461027529 	-2.813410969223197 	-4.356926337511108 	-4.356926337511108 	-4.356926337511108 	-4.356926337511108 	-1.5622095250708725 	
1.6028620374695353 	-2.813410969223197 	1.9462049803227028 	-4.356926337511108 	-4.356926337511108 	1.9462049803227028 	-0.6142748928773946 	
-1.640033461027529 	0.734457432920828 	-4.356926337511108 	1.9462049803227028 	-4.356926337511108 	-4.356926337511108 	0.4809740300859042 	
>RNCMPT00050
10.517665692351878
-0.5622950184742558 	1.525255049496666 	-0.43835052845890426 	1.9411137145320267 	-0.3829642808694021 	-0.9991342143850502 	1.449620526963248 	
-1.6011283838144634 	-2.7653763035196914 	-4.228996496511286 	-4.228996496511286 	1.6445421265994433 	-2.774100162645075 	-1.2416820283649854 	
1.4133438052287042 	-0.27321393527986393 	-0.3829642808694021 	-4.228996496511286 	-4.228996496511286 	1.2558247311315975 	-1.2416820283649854 	
-1.6011283838144634 	-2.7653763035196914 	1.2879657384001926 	-4.228996496511286 	-4.228996496511286 	-0.05068874000610508 	-1.2416820283649854 	
>RNCMPT00053
11.152329583181265
0.8351266279061157 	-4.793132141618832 	1.9604359539193774 	-4.793132141618832 	1.2212346608152196 	-4.793132141618832 	-1.2589733255646387 	
-2.1412069255208803 	-4.793132141618832 	-4.793132141618832 	1.9604359539193774 	-4.793132141618832 	-4.793132141618832 	-1.2589733255646387 	
-2.1412069255208803 	-4.793132141618832 	-4.793132141618832 	-4.793132141618832 	-4.793132141618832 	-4.793132141618832 	-0.3604368047997578 	
0.8177102386111457 	1.9604359539193774 	-4.793132141618832 	-4.793132141618832 	0.674824138803523 	1.9604359539193774 	1.2542244787824213 	
>RNCMPT00151
11.978311046195195
1.6088279175093985 	1.9620706415555342 	-4.8531933740033235 	-4.8531933740033235 	1.9620706415555342 	1.0620986937409909 	-1.2623092108615053 	
-1.6590230359560494 	-4.8531933740033235 	1.9620706415555342 	-4.8531933740033235 	-4.8531933740033235 	0.3470227581280043 	-1.2623092108615053 	
-1.6590230359560494 	-4.8531933740033235 	-4.8531933740033235 	-4.8531933740033235 	-4.8531933740033235 	-2.9391237371809305 	1.459101868722668 	
-1.6590230359560494 	-4.8531933740033235 	-4.8531933740033235 	1.9620706415555342 	-4.8531933740033235 	-0.9722433275125698 	-1.2623092108615053 	
>RNCMPT00241
10.6127798321744
-1.6381334044214027 	1.7301313271235406 	-1.0290947415255292 	-4.776321007842945 	1.6182361881766747 	-0.06171985555647848 	0.8521918374669744 	
-1.6381334044214027 	-2.1362310508001325 	1.5271726555415692 	-4.776321007842945 	-4.776321007842945 	1.4724214194962466 	0.18949732451581716 	
1.6022593982752151 	-2.1362310508001325 	-1.0144640262860283 	1.8103670060941812 	-0.22259326155819695 	-2.905053921058771 	-0.4531020503196354 	
-1.6381334044214027 	-2.1362310508001325 	-2.913043943822422 	-1.2525583037188974 	-4.776321007842945 	-2.905053921058771 	-1.6262830531017602 	
>RNCMPT00054
10.541216190353191
1.5133886428940935 	1.949939485931657 	-4.458870055073397 	-4.458870055073397 	1.949939485931657 	1.2704279248845685 	0.2705353968062222 	
-2.813781277948687 	-4.458870055073397 	-4.458870055073397 	1.257960504516389 	-4.458870055073397 	-2.799684228218653 	-1.1946274787480835 	
-0.21632103084705193 	-4.458870055073397 	-4.458870055073397 	0.6016788096045935 	-4.458870055073397 	-0.9301061586100037 	-0.3435682446030261 	
-2.813781277948687 	-4.458870055073397 	1.949939485931657 	-4.458870055073397 	-4.458870055073397 	-0.12150150693546517 	0.6496206602631689 	
>RNCMPT00113
11.824673872531328
-3.057798544630723 	-5.502046700746023 	-5.502046700746023 	-5.502046700746023 	-5.502046700746023 	-5.502046700746023 	-1.6593045031910223 	
-1.126994009130805 	1.7110283464332625 	-5.502046700746023 	1.8366886860475158 	-1.380912241531991 	0.29324426599607883 	-1.6593045031910223 	
1.5806118710231554 	-0.5523098748153623 	1.9759246096202454 	-1.380912241531991 	1.8366886860475158 	1.2748161003540304 	1.608915573005601 	
-1.2139946028819597 	-5.502046700746023 	-5.502046700746023 	-5.502046700746023 	-5.502046700746023 	-1.5870050712472104 	-1.6593045031910223 	
>RNCMPT00052
11.989545090544347
-2.190419332034534 	-5.280707345821371 	-5.280707345821371 	-5.280707345821371 	-5.280707345821371 	-5.280707345821371 	-2.146378888503796 	
-2.190419332034534 	1.9718934163933843 	-5.280707345821371 	1.8368089140219634 	-1.4098126480076305 	-0.1732262153520012 	-0.09134844522916143 	
1.7410297517653606 	-5.280707345821371 	1.9718934163933843 	-1.4098126480076305 	1.8368089140219634 	1.4404307916236372 	1.190679886324653 	
-2.190419332034534 	-5.280707345821371 	-5.280707345821371 	-5.280707345821371 	-5.280707345821371 	-1.4212091757381213 	-0.8549793352059499 	
>RNCMPT00154
10.917165258808563
-1.978292191454428 	1.8132226611094675 	1.4181867024135641 	-3.8492374164156096 	-3.8492374164156096 	1.4860145359861407 	-0.7203051436615158 	
0.11130602279071906 	-2.626718864619458 	-1.225128094213857 	-0.3459230388283729 	-1.2228697902297032 	-2.627441355546182 	-1.9833248060406201 	
1.270357941310386 	-2.626718864619458 	-1.072975885552409 	1.6203171069507591 	1.779386153318264 	-0.19231956012638776 	1.5296801577199797 	
-1.978292191454428 	-2.626718864619458 	-1.2364729455522552 	-3.8492374164156096 	-3.8492374164156096 	-2.627441355546182 	-1.9833248060406201 	
>RNCMPT00055
11.370131627163845
-0.9400234159353643 	1.8217237187582782 	1.4883904353717776 	-4.008235988412516 	-4.008235988412516 	1.325103187106584 	1.2086963865723515 	
-2.6897625955419904 	-2.6897625955419904 	-2.6897625955419904 	-4.008235988412516 	-4.008235988412516 	-1.9821046044793718 	-1.1800448044831635 	
1.6639355283712758 	-2.6897625955419904 	-0.1774503940088174 	1.9311411854917897 	1.9311411854917897 	-1.9821046044793718 	-0.31108119785403443 	
-2.6897625955419904 	-2.6897625955419904 	-2.6897625955419904 	-4.008235988412516 	-4.008235988412516 	-0.017050206488377052 	-1.1800448044831635 	
>RNCMPT00170
11.508185232465989
0.872435133197281 	1.7831872384163145 	-3.9670640683132934 	-3.9670640683132934 	-3.9670640683132934 	1.9290979743782004 	0.15427457535325245 	
0.1556818629101981 	-3.9670640683132934 	-3.9670640683132934 	1.9290979743782004 	1.9290979743782004 	-3.9670640683132934 	-1.5370698667371092 	
-1.533817917490566 	-3.9670640683132934 	-3.9670640683132934 	-3.9670640683132934 	-3.9670640683132934 	-3.9670640683132934 	1.1361709633395929 	
-0.4942321813841207 	-1.2167317710744814 	1.9290979743782004 	-3.9670640683132934 	-3.9670640683132934 	-3.9670640683132934 	-1.5370698667371092 	
>RNCMPT00056
11.03360670794805
-0.35928683675393375 	-3.5754533557069847 	-3.5754533557069847 	-3.5754533557069847 	-3.5754533557069847 	-3.5754533557069847 	-1.9075047439260784 	
-1.1472322056869022 	1.4214866562432187 	-1.3378686158427235 	1.7809930714449695 	-1.3378686158427235 	1.7592600154743046 	-0.6690930956522969 	
1.2125500674185716 	-3.5754533557069847 	1.7809930714449695 	-1.3378686158427235 	1.7809930714449695 	-1.1616960582593368 	1.2973307544770467 	
-1.1472322056869022 	0.20616466493572067 	-3.5754533557069847 	-3.5754533557069847 	-3.5754533557069847 	-3.5754533557069847 	-0.6285914506558777 	
>RNCMPT00152
11.311825935115333
-1.2139333503327487 	1.9454593012433354 	-4.337436351005199 	1.9454593012433354 	-1.2699558650778373 	1.5982245487103173 	-4.337436351005199 	
-1.2139333503327487 	-4.337436351005199 	-4.337436351005199 	-4.337436351005199 	-1.1868078300527056 	-0.19534438157553188 	1.2375021087862055 	
-0.36720075292013565 	-4.337436351005199 	-4.337436351005199 	-4.337436351005199 	-0.9766528359172054 	-4.337436351005199 	0.6258968945785504 	
1.2403334363609815 	-4.337436351005199 	1.9454593012433354 	-4.337436351005199 	1.3993879375278238 	-4.337436351005199 	-4.337436351005199 	
>RNCMPT00173
10.951700956144283
-0.5240020374137325 	1.8383533561094245 	-4.4872514067034 	1.950931457044655 	-1.2148766799422726 	1.6760532095132237 	-0.7515138432854291 	
-0.5252282894103613 	-2.822882197282723 	-4.4872514067034 	-4.4872514067034 	-4.4872514067034 	-2.839003993444487 	-0.01790183327086913 	
-1.583318185028359 	-2.822882197282723 	-4.4872514067034 	-4.4872514067034 	-4.4872514067034 	-2.839003993444487 	0.5498381439905276 	
1.1864988846820888 	-2.822882197282723 	1.950931457044655 	-4.4872514067034 	1.7990944477597084 	-0.929721184259762 	-0.067287875768615 	
>RNCMPT00057
11.127203168367467
1.220793934286917 	-4.41569242431865 	1.948391089724262 	-4.41569242431865 	1.948391089724262 	-1.2604740015385258 	1.0697953927114656 	
-0.3028240076812066 	-1.2103653204391573 	-4.41569242431865 	-4.41569242431865 	-4.41569242431865 	-1.2440310728418016 	0.5135266799372632 	
-1.2199645273812856 	-4.41569242431865 	-4.41569242431865 	-4.41569242431865 	-4.41569242431865 	-0.19877371747767406 	-2.079085405944889 	
-1.2199645273812856 	1.7966531431638952 	-4.41569242431865 	1.948391089724262 	-4.41569242431865 	1.1947874290324016 	-2.079085405944889 	
>RNCMPT00063
11.133325031610507
-5.347833441330598 	-5.347833441330598 	-1.3196760646863392 	-5.347833441330598 	-5.347833441330598 	0.6404129151607609 	-0.4013453730623863 	
-5.347833441330598 	1.9731831550307461 	-5.347833441330598 	-5.347833441330598 	-5.347833441330598 	0.5591049912918884 	1.287613179012544 	
1.9731831550307461 	-5.347833441330598 	0.12563815132932257 	1.9731831550307461 	1.9731831550307461 	-1.2426706917975017 	-1.3190280674309305 	
-5.347833441330598 	-5.347833441330598 	1.3125663173142188 	-5.347833441330598 	-5.347833441330598 	-0.8749302469041047 	-1.3190280674309305 	
>RNCMPT00064
11.617364030548595
1.5984037218578557 	0.38772962473347067 	1.961691269564182 	1.961691269564182 	1.961691269564182 	1.6268964569468598 	1.4592332549389855 	
-1.6260542637879243 	-1.0215654887782906 	-4.839023673073159 	-4.839023673073159 	-4.839023673073159 	-1.051525502773771 	-0.29380368029596815 	
-1.6260542637879243 	1.0477567881123486 	-4.839023673073159 	-4.839023673073159 	-4.839023673073159 	-1.3432764974535487 	-4.839023673073159 	
-1.6260542637879243 	-2.9238771954059484 	-4.839023673073159 	-4.839023673073159 	-4.839023673073159 	-4.839023673073159 	-1.3230439238309042 	
>RNCMPT00106
10.960789081482007
-2.92110715663374 	0.07638973000353126 	1.8328021753493697 	-4.725241660928597 	-4.725241660928597 	1.6096035188397881 	0.23027329627324222 	
-2.92110715663374 	-4.725241660928597 	-4.725241660928597 	-1.2657885545963043 	-4.725241660928597 	-4.725241660928597 	0.5796532929040086 	
1.8495679171064516 	1.5210566817940965 	-4.725241660928597 	1.6096035188397881 	1.9585019766485028 	-0.19642841144428885 	-0.5370071808749363 	
-2.92110715663374 	-4.725241660928597 	-1.465520245235364 	-1.0155422253033346 	-4.725241660928597 	-4.725241660928597 	-0.63654031608579 	
>RNCMPT00109
10.99333733103904
-2.9565931778025063 	-4.855274785866646 	1.9621260544308166 	-4.855274785866646 	-4.855274785866646 	1.2416320296697592 	0.5491852498552832 	
-2.9565931778025063 	-4.855274785866646 	-4.855274785866646 	-0.37297464216732534 	-4.855274785866646 	-4.855274785866646 	0.1181357377216358 	
1.8534151869284103 	1.9621260544308166 	-4.855274785866646 	1.4627267012931389 	1.9621260544308166 	0.6473110124956141 	0.17670157632214312 	
-2.9565931778025063 	-4.855274785866646 	-4.855274785866646 	-1.1943750940115698 	-4.855274785866646 	-4.855274785866646 	-1.638848525333259 	
>RNCMPT00107
11.086115600753155
-4.694459535741458 	-0.42543817998376154 	1.957593762796396 	-4.694459535741458 	-4.694459535741458 	1.6104943703285655 	0.3241606775840028 	
-4.694459535741458 	-4.694459535741458 	-4.694459535741458 	-1.2302656308057338 	-4.694459535741458 	-4.694459535741458 	0.3019308184261967 	
1.957593762796396 	1.668184894122835 	-4.694459535741458 	1.6104943703285655 	1.957593762796396 	-0.2022518463488649 	-0.3749706227495003 	
-4.694459535741458 	-4.694459535741458 	-4.694459535741458 	-1.0541671344972885 	-4.694459535741458 	-4.694459535741458 	-0.4263350585447807 	
>RNCMPT00108
10.982973355168507
-2.9285282554813947 	-4.754911854115902 	1.9593587163689123 	-4.754911854115902 	-4.754911854115902 	1.2400416284059983 	0.5297055387783735 	
-2.9285282554813947 	-4.754911854115902 	-4.754911854115902 	-0.34195357242398655 	-4.754911854115902 	-4.754911854115902 	-0.39161347063421426 	
1.850381185095608 	1.9593587163689123 	-4.754911854115902 	1.4569237189751925 	1.9593587163689123 	0.6451240149185703 	0.5575506735849707 	
-2.9285282554813947 	-4.754911854115902 	-4.754911854115902 	-1.2217319887232314 	-4.754911854115902 	-4.754911854115902 	-1.6334323715041992 	
>RNCMPT00110
11.567798732038248
0.3931309948800928 	1.8440904741975626 	-4.621304031372865 	-4.621304031372865 	1.9553535182387591 	-2.1154487045545336 	1.3781177231634303 	0.43965780014146455 	
0.7059692113760644 	-2.872200617177288 	-4.621304031372865 	-4.621304031372865 	-4.621304031372865 	1.333902968443449 	-0.4094779790318237 	0.32744697381414567 	
-0.9220468222279646 	-2.872200617177288 	1.9553535182387591 	1.9553535182387591 	-4.621304031372865 	-0.593941735089896 	-1.6263483993324321 	-0.19124602286305653 	
-0.9220468222279646 	-2.872200617177288 	-4.621304031372865 	-4.621304031372865 	-4.621304031372865 	-0.7713753211243454 	-1.6263483993324321 	-0.9627511421641244 	
>RNCMPT00163
11.232900567521714
-1.5747376303080791 	-2.965726232777803 	1.4497307134517543 	-1.3016119527956647 	-1.6496656046910292 	1.7353044839127894 	-0.3148690440595332 	
-1.5747376303080791 	-2.965726232777803 	-4.866539198333248 	-4.866539198333248 	-1.6576667003036871 	-1.2817100431149708 	-0.17618783117117856 	
1.5815380384721027 	1.8543885157419466 	0.26288025185394087 	1.8179382466388607 	1.735546365390711 	-2.9478916079920037 	1.0584542039135478 	
-1.5747376303080791 	-2.965726232777803 	-4.866539198333248 	-4.866539198333248 	-4.866539198333248 	-2.9478916079920037 	-2.130752671810799 	
>RNCMPT00070
11.771966379659947
0.2113875569980518 	1.3014281343249827 	-4.419442113093469 	-4.419442113093469 	1.948527478494251 	1.948527478494251 	-0.9530519267182457 	
-1.2476622008052103 	-2.8282070604845995 	-4.419442113093469 	1.948527478494251 	-4.419442113093469 	-4.419442113093469 	-2.8008431368679316 	
0.9999557426509169 	-2.8282070604845995 	-4.419442113093469 	-4.419442113093469 	-4.419442113093469 	-4.419442113093469 	1.6764725887070435 	
-1.2476622008052103 	0.32614397857752925 	1.948527478494251 	-4.419442113093469 	-4.419442113093469 	-4.419442113093469 	-2.8008431368679316 	
>RNCMPT00071
12.031593710126476
0.07996748961153938 	-0.37461092783149913 	-4.826445995103101 	-4.826445995103101 	1.9613512929182928 	-4.826445995103101 	1.3253467985184089 	
-1.6374781548797006 	-4.826445995103101 	-4.826445995103101 	1.9613512929182928 	-4.826445995103101 	1.9613512929182928 	-2.121747852049475 	
-1.6374781548797006 	-4.826445995103101 	1.9613512929182928 	-4.826445995103101 	-4.826445995103101 	-4.826445995103101 	0.04897833496110609 	
1.2017405631460603 	1.6591011767888353 	-4.826445995103101 	-4.826445995103101 	-4.826445995103101 	-4.826445995103101 	-2.121747852049475 	
>RNCMPT00072
11.411577902869158
1.2807129363318372 	-3.9284255897359155 	-3.9284255897359155 	1.7819303152077601 	-3.9284255897359155 	1.2205955295029352 	0.28615996150432116 	0.35959226579111137 	
-0.933821326108513 	-3.9284255897359155 	-3.9284255897359155 	-3.9284255897359155 	-3.9284255897359155 	-3.9284255897359155 	-3.9284255897359155 	-0.8821707272740447 	
-0.933821326108513 	1.9271239789524097 	1.9271239789524097 	-3.9284255897359155 	1.9271239789524097 	-1.248883864542115 	0.6404712980519178 	0.7064958869174786 	
-0.933821326108513 	-3.9284255897359155 	-3.9284255897359155 	-1.2183220526125078 	-3.9284255897359155 	0.2425945749803308 	0.2092567768201183 	-0.8821707272740447 	
>RNCMPT00073
12.80871675927891
-0.2986507796075179 	1.6243134511455748 	-4.873512732719189 	-4.873512732719189 	1.9626080387090765 	-4.873512732719189 	-0.711356540994262 	0.4452035772833287 	
-0.9827156894468286 	-1.7098968031830273 	1.9626080387090765 	-4.873512732719189 	-4.873512732719189 	1.9626080387090765 	-2.128736557631256 	-0.9198095132225174 	
1.1209722901465873 	-1.7098968031830273 	-4.873512732719189 	1.9626080387090765 	-4.873512732719189 	-4.873512732719189 	1.5518547786029895 	0.6611440845474542 	
-0.9827156894468286 	-1.7098968031830273 	-4.873512732719189 	-4.873512732719189 	-4.873512732719189 	-4.873512732719189 	-2.128736557631256 	-0.9198095132225174 	
>RNCMPT00067
10.15799520141474
-1.589145209503343 	-2.745556759232383 	1.1284851507131723 	1.010149474212044 	-4.150826786004487 	-1.4490230847645036 	1.4659435629752482 	
-1.589145209503343 	-2.745556759232383 	-4.150826786004487 	-1.1769420614811443 	-4.150826786004487 	-0.044814803910861685 	-0.10542566452293198 	
1.4037940681315366 	1.8289044058315824 	0.7664829316982359 	-4.150826786004487 	1.9377633312022595 	1.382955208348897 	-2.6988642097780193 	
-0.5367998639024714 	-2.745556759232383 	-4.150826786004487 	0.5726921479712784 	-4.150826786004487 	-4.150826786004487 	-2.6988642097780193 	
>RNCMPT00074
10.506224770717662
1.8232150817013852 	-1.3134482398942822 	-1.2976535280306092 	1.6464194929380016 	-0.3569719010935902 	0.23468028594913354 	1.3684128906287922 	
-2.701151650077417 	-4.051759632562094 	-4.051759632562094 	-4.051759632562094 	-0.2685454439402207 	1.4344329824121635 	-1.536942668655115 	
-2.701151650077417 	1.4480475146801586 	1.7960236657590534 	-1.3134482398942822 	0.989673142598108 	-4.051759632562094 	-0.4561947941378591 	
-2.701151650077417 	-0.3058614724431655 	-4.051759632562094 	-1.2976535280306092 	-1.3100490712624586 	-4.051759632562094 	-1.536942668655115 	
>RNCMPT00075
11.016952405702398
-0.32608460418162344 	-0.23066484622971078 	1.79347002952151 	-3.524189485990277 	1.9027465744186687 	-1.8859693916219695 	-1.468438186319866 	
1.203651137481977 	-1.1534733159574104 	-2.4913391900681487 	-3.524189485990277 	-3.524189485990277 	1.5013317383597704 	-1.468438186319866 	
-1.1534733159574104 	1.1690749528810687 	-2.4913391900681487 	-3.524189485990277 	-3.524189485990277 	-1.8859693916219695 	-1.468438186319866 	
-1.1534733159574104 	-1.1534733159574104 	-2.4913391900681487 	1.9027465744186687 	-3.524189485990277 	-0.6715380381041839 	1.5439313986207326 	
>RNCMPT00076
11.608085522768635
0.3727304803444121 	-4.6042560978165845 	1.6462278059375302 	1.9548144041783955 	-4.6042560978165845 	-4.6042560978165845 	1.3500775945630603 	0.3133454217190985 	
-0.947847969442684 	-4.6042560978165845 	-4.6042560978165845 	-4.6042560978165845 	-4.6042560978165845 	-4.6042560978165845 	-2.0973534629916655 	-0.9358734193670655 	
-0.16669624178561487 	1.9548144041783955 	-1.2089031328235764 	-4.6042560978165845 	-4.6042560978165845 	1.9548144041783955 	-0.7514407179711232 	0.418553303383089 	
0.3739692021713729 	-4.6042560978165845 	-1.3358882303316097 	-4.6042560978165845 	1.9548144041783955 	-4.6042560978165845 	-0.6825916394425915 	-0.1550492061698424 	
>RNCMPT00077
11.653765151793252
-0.7346093913784646 	-4.0781407929139615 	-4.0781407929139615 	-4.0781407929139615 	-4.0781407929139615 	-4.0781407929139615 	-1.5683335188609584 	
-2.012446639749741 	-4.0781407929139615 	-4.0781407929139615 	-4.0781407929139615 	-4.0781407929139615 	-0.273491141580985 	-1.5683335188609584 	
-2.012446639749741 	-4.0781407929139615 	-4.0781407929139615 	-4.0781407929139615 	-4.0781407929139615 	-0.28790054743125926 	1.1800626273769943 	
1.5377008138936354 	1.9344732616905753 	1.9344732616905753 	1.9344732616905753 	1.9344732616905753 	1.198108663760321 	0.08370831998661363 	
>RNCMPT00165
11.718101852308731
-0.19992911823646473 	-4.6159068137559744 	-1.3328425004892783 	-4.6159068137559744 	-4.6159068137559744 	-4.6159068137559744 	-1.6050139743692557 	
-0.9949530429444357 	-4.6159068137559744 	-4.6159068137559744 	-4.6159068137559744 	-4.6159068137559744 	-4.6159068137559744 	0.9153394976146663 	
-2.865215970482874 	-4.6159068137559744 	-4.6159068137559744 	-4.6159068137559744 	-4.6159068137559744 	-1.2345528222633044 	-0.44185632416333753 	
1.3163852396477385 	1.9551835489624025 	1.8161694962400663 	1.9551835489624025 	1.9551835489624025 	1.8046569719190528 	0.06910809213699597 	
>RNCMPT00079
12.127196898255992
-0.8926740579981332 	-5.439884693737189 	-5.439884693737189 	-5.439884693737189 	-5.439884693737189 	-5.439884693737189 	-2.2387219508247354 	
-0.939474417914459 	-5.439884693737189 	-5.439884693737189 	-5.439884693737189 	-1.350470690314898 	0.39085260963704616 	1.5210490407942765 	
-2.2266313399601407 	-5.439884693737189 	-5.439884693737189 	-5.439884693737189 	-5.439884693737189 	-5.439884693737189 	-2.2387219508247354 	
1.4469471295963792 	1.974855302097354 	1.974855302097354 	1.974855302097354 	1.832590847972995 	1.402043973600278 	-0.5017379092398528 	
>RNCMPT00116
12.140812399224906
1.8581379660710846 	1.5915196250000205 	-5.034318229865854 	1.966597968376948 	-5.034318229865854 	-5.034318229865854 	1.1270596224238318 	
-3.0015182926235435 	-0.11200226351819421 	1.966597968376948 	-5.034318229865854 	-0.378254123030063 	1.966597968376948 	-2.103514005050531 	
-3.0015182926235435 	-5.034318229865854 	-5.034318229865854 	-5.034318229865854 	-5.034318229865854 	-5.034318229865854 	-0.11687367759594908 	
-3.0015182926235435 	-5.034318229865854 	-5.034318229865854 	-5.034318229865854 	1.6643012805991244 	-5.034318229865854 	-0.597290924216217 	
>RNCMPT00083
12.238346644607214
1.9706513198515738 	1.7310306682359038 	-5.218938852242783 	1.9706513198515738 	-1.6940539615844974 	-5.218938852242783 	0.9780678031238517 	
-5.218938852242783 	-0.67426528449713 	1.9706513198515738 	-5.218938852242783 	-0.9076551613304391 	1.9706513198515738 	-0.6991860728932408 	
-5.218938852242783 	-5.218938852242783 	-5.218938852242783 	-5.218938852242783 	-5.218938852242783 	-5.218938852242783 	-0.54275406589225 	
-5.218938852242783 	-5.218938852242783 	-5.218938852242783 	-5.218938852242783 	1.6466428938411626 	-5.218938852242783 	-0.4583945143141693 	
>RNCMPT00084
10.756177981015785
1.8173658876934735 	1.8173658876934735 	-4.69293196376511 	1.957548164826499 	0.992964450274084 	-4.69293196376511 	0.39601953800828166 	
-4.69293196376511 	-4.69293196376511 	1.8173658876934735 	-4.69293196376511 	-4.69293196376511 	1.957548164826499 	-1.2447067516281392 	
-1.3280568073273307 	-1.3280568073273307 	-1.3280568073273307 	-4.69293196376511 	-1.3280568073273307 	-4.69293196376511 	0.11923460289422672 	
-4.69293196376511 	-4.69293196376511 	-4.69293196376511 	-4.69293196376511 	0.653301310884704 	-4.69293196376511 	0.23385800947872468 	
>RNCMPT00085
10.974829435793952
-1.3333193388599647 	-0.8818542621649448 	1.7159500721501841 	-5.411466320973709 	-5.411466320973709 	-3.0269743751179368 	-0.2050030012313998 	
0.12945972945545275 	1.1959438291773041 	-1.0743391724816262 	-5.411466320973709 	1.9743506111990312 	-3.0269743751179368 	1.1746030572050254 	
1.078888372780683 	-0.07137911097204565 	-3.058999824225286 	1.9743506111990312 	-5.411466320973709 	1.860742882082693 	-1.1923887805699296 	
-1.3333193388599647 	-2.2199008361652193 	-3.058999824225286 	-5.411466320973709 	-5.411466320973709 	-3.0269743751179368 	-1.1923887805699296 	
>RNCMPT00086
11.455386962628443
-3.8349252583364866 	-3.8349252583364866 	-1.1709347836408521 	-0.30525537601716146 	-3.8349252583364866 	-3.8349252583364866 	-2.6227909159222884 	
-3.8349252583364866 	-3.8349252583364866 	-3.8349252583364866 	-1.1203459092792944 	-3.8349252583364866 	-3.8349252583364866 	-2.6227909159222884 	
-1.2954546695719398 	-3.8349252583364866 	-1.1142961494805703 	0.9334374201670839 	-0.39554441446565003 	-1.1621711118984572 	-2.6227909159222884 	
1.7876160229535336 	1.922110475639528 	1.5963978189197827 	-0.28472768081766253 	1.6321027770791392 	1.7710435450865898 	1.8126789027827859 	
>RNCMPT00087
12.246156128185834
-1.0159395845178787 	1.3476059659750286 	0.9796045480938419 	-4.959340064142675 	-4.959340064142675 	1.9647942263344038 	1.9647942263344038 	-0.8900275878026476 	
-1.0159395845178787 	-2.965974854648089 	0.2730532545085941 	-4.959340064142675 	-4.959340064142675 	-4.959340064142675 	-4.959340064142675 	-0.8900275878026476 	
1.3314079850163225 	-0.22492433710598006 	-4.959340064142675 	-4.959340064142675 	-4.959340064142675 	-4.959340064142675 	-4.959340064142675 	0.7283607237630261 	
-1.0159395845178787 	-1.0847245160891013 	-0.344520888401454 	1.9647942263344038 	1.9647942263344038 	-4.959340064142675 	-4.959340064142675 	0.3380385461991994 	
>RNCMPT00164
10.66178209924087
-1.4616685982239939 	-3.6493544858397944 	-3.6493544858397944 	-3.6493544858397944 	-3.6493544858397944 	-3.6493544858397944 	-1.9199659368896447 	
-0.4727145706594883 	-3.6493544858397944 	-3.6493544858397944 	-3.6493544858397944 	1.1953290530798175 	-3.6493544858397944 	-1.9199659368896447 	
-0.4885792622151204 	1.7732688658504874 	-3.6493544858397944 	-0.9497278985700889 	0.6328619771568265 	1.392503818146067 	-0.7156797951838159 	
1.1398577803791365 	-1.243548233345255 	1.9110829061431123 	1.7324335506145812 	-3.6493544858397944 	0.28127622255859286 	1.5173061250276692 	
